team,stadium_id,wall_svg_d,field_svg_d,lf_x,lf_y,rf_x,rf_y,wall_json,venue,city,state
Arizona Diamondbacks,diamondbacks,M 54.2 262.4 L 56.6 249.5 L 57.5 236.3 L 58.5 223.3 L 62.2 211.2 L 74.4 208.1 L 84.2 199.4 L 94.1 190.8 L 103.9 182.1 L 113.7 173.3 L 123.3 164.3 L 133.1 155.6 L 142.9 146.9 L 152.7 138.1 L 162.5 129.3 L 172.3 120.6 L 182.1 111.9 L 192.6 104.5 L 205.6 103.9 L 218.8 103.9 L 231.9 103.9 L 240.9 96.4 L 252.9 94.6 L 266.1 94.6 L 279.2 94.6 L 292.4 94.6 L 305.5 94.6 L 313.5 103.6 L 326.6 104 L 339.7 104 L 352.9 104 L 364.5 108.6 L 374.3 117.4 L 384.1 126.1 L 394 134.7 L 403.7 143.6 L 413.6 152.2 L 423.4 160.9 L 433.2 169.7 L 443 178.4 L 452.8 187.1 L 462.7 195.8 L 472.6 204.4 L 483.2 211.9 L 494.1 216 L 495.6 229 L 496.2 242.1 L 495.6 255 L 489.6 266.4 L 480.4 275.8 L 471.2 285.1,M 275 460 L 54.2 262.4 L 56.6 249.5 L 57.5 236.3 L 58.5 223.3 L 62.2 211.2 L 74.4 208.1 L 84.2 199.4 L 94.1 190.8 L 103.9 182.1 L 113.7 173.3 L 123.3 164.3 L 133.1 155.6 L 142.9 146.9 L 152.7 138.1 L 162.5 129.3 L 172.3 120.6 L 182.1 111.9 L 192.6 104.5 L 205.6 103.9 L 218.8 103.9 L 231.9 103.9 L 240.9 96.4 L 252.9 94.6 L 266.1 94.6 L 279.2 94.6 L 292.4 94.6 L 305.5 94.6 L 313.5 103.6 L 326.6 104 L 339.7 104 L 352.9 104 L 364.5 108.6 L 374.3 117.4 L 384.1 126.1 L 394 134.7 L 403.7 143.6 L 413.6 152.2 L 423.4 160.9 L 433.2 169.7 L 443 178.4 L 452.8 187.1 L 462.7 195.8 L 472.6 204.4 L 483.2 211.9 L 494.1 216 L 495.6 229 L 496.2 242.1 L 495.6 255 L 489.6 266.4 L 480.4 275.8 L 471.2 285.1 Z,54.2,262.4,471.2,285.1,"[{""angle"":-48.16,""dist"":329.2,""x_ft"":-245.3,""y_ft"":219.6},{""angle"":-46.06,""dist"":337.1,""x_ft"":-242.7,""y_ft"":233.9},{""angle"":-44.21,""dist"":346.7,""x_ft"":-241.7,""y_ft"":248.5},{""angle"":-42.45,""dist"":356.5,""x_ft"":-240.6,""y_ft"":263},{""angle"":-40.54,""dist"":363.8,""x_ft"":-236.5,""y_ft"":276.5},{""angle"":-38.53,""dist"":357.8,""x_ft"":-222.9,""y_ft"":279.9},{""angle"":-36.22,""dist"":358.8,""x_ft"":-212,""y_ft"":289.5},{""angle"":-33.9,""dist"":360.4,""x_ft"":-201,""y_ft"":299.1},{""angle"":-31.62,""dist"":362.6,""x_ft"":-190.1,""y_ft"":308.8},{""angle"":-29.36,""dist"":365.5,""x_ft"":-179.2,""y_ft"":318.5},{""angle"":-27.15,""dist"":369.2,""x_ft"":-168.5,""y_ft"":328.5},{""angle"":-25,""dist"":373.2,""x_ft"":-157.7,""y_ft"":338.2},{""angle"":-22.88,""dist"":377.6,""x_ft"":-146.8,""y_ft"":347.9},{""angle"":-20.8,""dist"":382.6,""x_ft"":-135.9,""y_ft"":357.7},{""angle"":-18.79,""dist"":388.1,""x_ft"":-125,""y_ft"":367.4},{""angle"":-16.83,""dist"":394,""x_ft"":-114.1,""y_ft"":377.1},{""angle"":-14.94,""dist"":400.3,""x_ft"":-103.2,""y_ft"":386.8},{""angle"":-13.06,""dist"":405.5,""x_ft"":-91.6,""y_ft"":395},{""angle"":-11.03,""dist"":403.1,""x_ft"":-77.1,""y_ft"":395.7},{""angle"":-8.98,""dist"":400.6,""x_ft"":-62.5,""y_ft"":395.7},{""angle"":-6.9,""dist"":398.6,""x_ft"":-47.9,""y_ft"":395.7},{""angle"":-5.36,""dist"":405.8,""x_ft"":-37.9,""y_ft"":404},{""angle"":-3.45,""dist"":406.7,""x_ft"":-24.5,""y_ft"":406},{""angle"":-1.4,""dist"":406.1,""x_ft"":-9.9,""y_ft"":406},{""angle"":0.66,""dist"":406,""x_ft"":4.7,""y_ft"":406},{""angle"":2.72,""dist"":406.5,""x_ft"":19.3,""y_ft"":406},{""angle"":4.77,""dist"":407.4,""x_ft"":33.9,""y_ft"":406},{""angle"":6.17,""dist"":398.3,""x_ft"":42.8,""y_ft"":396},{""angle"":8.24,""dist"":399.7,""x_ft"":57.3,""y_ft"":395.6},{""angle"":10.3,""dist"":402.1,""x_ft"":71.9,""y_ft"":395.6},{""angle"":12.33,""dist"":404.9,""x_ft"":86.5,""y_ft"":395.6},{""angle"":14.28,""dist"":402.9,""x_ft"":99.4,""y_ft"":390.4},{""angle"":16.16,""dist"":396.4,""x_ft"":110.3,""y_ft"":380.7},{""angle"":18.09,""dist"":390.3,""x_ft"":121.2,""y_ft"":371},{""angle"":20.09,""dist"":384.8,""x_ft"":132.2,""y_ft"":361.4},{""angle"":22.13,""dist"":379.6,""x_ft"":143,""y_ft"":351.6},{""angle"":24.24,""dist"":375.1,""x_ft"":154,""y_ft"":342},{""angle"":26.39,""dist"":371,""x_ft"":164.9,""y_ft"":332.3},{""angle"":28.59,""dist"":367.4,""x_ft"":175.8,""y_ft"":322.6},{""angle"":30.82,""dist"":364.4,""x_ft"":186.7,""y_ft"":312.9},{""angle"":33.09,""dist"":361.9,""x_ft"":197.6,""y_ft"":303.2},{""angle"":35.39,""dist"":360.2,""x_ft"":208.6,""y_ft"":293.6},{""angle"":37.71,""dist"":359,""x_ft"":219.6,""y_ft"":284},{""angle"":40,""dist"":359.9,""x_ft"":231.3,""y_ft"":275.7},{""angle"":41.92,""dist"":364.3,""x_ft"":243.4,""y_ft"":271.1},{""angle"":43.68,""dist"":354.9,""x_ft"":245.1,""y_ft"":256.7},{""angle"":45.43,""dist"":345,""x_ft"":245.8,""y_ft"":242.1},{""angle"":47.1,""dist"":334.6,""x_ft"":245.1,""y_ft"":227.8},{""angle"":47.95,""dist"":321.2,""x_ft"":238.5,""y_ft"":215.1},{""angle"":48.11,""dist"":306.6,""x_ft"":228.2,""y_ft"":204.7},{""angle"":48.29,""dist"":292,""x_ft"":218,""y_ft"":194.3}]",Chase Field,Phoenix,AZ
Athletics,athletics,M 60.6 278.8 L 52.2 268.1 L 56.3 255.8 L 61.7 243.3 L 67.3 230.9 L 72.9 218.3 L 78.4 205.9 L 84 193.6 L 90 181.5 L 102.2 175.4 L 114.7 170 L 127.2 164.7 L 139.8 159.5 L 151.7 153 L 163.1 145.4 L 174.4 137.9 L 185.7 130.3 L 197.1 122.7 L 208.8 115.9 L 220.8 109.5 L 233.2 103.7 L 245.6 98.4 L 259.2 98 L 272.8 97.9 L 286.4 97.8 L 300 97.8 L 312.9 101.8 L 325.2 107.6 L 337.6 113.3 L 349.5 119.8 L 360.7 127.7 L 371.8 135.6 L 382.7 143.6 L 393.7 151.7 L 405 159.4 L 417.3 165.1 L 429.8 170.4 L 442.4 175.7 L 454.9 180.9 L 464.6 189.3 L 470.2 201.7 L 475.8 214.1 L 481.3 226.6 L 486.9 239 L 492.4 251.5 L 497.4 264.2,M 275 460 L 60.6 278.8 L 52.2 268.1 L 56.3 255.8 L 61.7 243.3 L 67.3 230.9 L 72.9 218.3 L 78.4 205.9 L 84 193.6 L 90 181.5 L 102.2 175.4 L 114.7 170 L 127.2 164.7 L 139.8 159.5 L 151.7 153 L 163.1 145.4 L 174.4 137.9 L 185.7 130.3 L 197.1 122.7 L 208.8 115.9 L 220.8 109.5 L 233.2 103.7 L 245.6 98.4 L 259.2 98 L 272.8 97.9 L 286.4 97.8 L 300 97.8 L 312.9 101.8 L 325.2 107.6 L 337.6 113.3 L 349.5 119.8 L 360.7 127.7 L 371.8 135.6 L 382.7 143.6 L 393.7 151.7 L 405 159.4 L 417.3 165.1 L 429.8 170.4 L 442.4 175.7 L 454.9 180.9 L 464.6 189.3 L 470.2 201.7 L 475.8 214.1 L 481.3 226.6 L 486.9 239 L 492.4 251.5 L 497.4 264.2 Z,60.6,278.8,497.4,264.2,"[{""angle"":-49.8,""dist"":311.9,""x_ft"":-238.2,""y_ft"":201.3},{""angle"":-49.26,""dist"":326.7,""x_ft"":-247.5,""y_ft"":213.2},{""angle"":-46.96,""dist"":332.5,""x_ft"":-243,""y_ft"":226.9},{""angle"":-44.54,""dist"":337.9,""x_ft"":-237,""y_ft"":240.8},{""angle"":-42.19,""dist"":343.6,""x_ft"":-230.8,""y_ft"":254.6},{""angle"":-39.91,""dist"":350.1,""x_ft"":-224.6,""y_ft"":268.5},{""angle"":-37.73,""dist"":356.9,""x_ft"":-218.4,""y_ft"":282.3},{""angle"":-35.64,""dist"":364.2,""x_ft"":-212.2,""y_ft"":296},{""angle"":-33.59,""dist"":371.4,""x_ft"":-205.5,""y_ft"":309.4},{""angle"":-31.27,""dist"":369.9,""x_ft"":-192,""y_ft"":316.2},{""angle"":-28.93,""dist"":368.1,""x_ft"":-178.1,""y_ft"":322.2},{""angle"":-26.59,""dist"":366.9,""x_ft"":-164.2,""y_ft"":328.1},{""angle"":-24.22,""dist"":366.1,""x_ft"":-150.2,""y_ft"":333.9},{""angle"":-21.88,""dist"":367.6,""x_ft"":-137,""y_ft"":341.1},{""angle"":-19.58,""dist"":370.9,""x_ft"":-124.3,""y_ft"":349.5},{""angle"":-17.35,""dist"":375,""x_ft"":-111.8,""y_ft"":357.9},{""angle"":-15.15,""dist"":379.5,""x_ft"":-99.2,""y_ft"":366.3},{""angle"":-13.01,""dist"":384.7,""x_ft"":-86.6,""y_ft"":374.8},{""angle"":-10.9,""dist"":389.3,""x_ft"":-73.6,""y_ft"":382.3},{""angle"":-8.79,""dist"":394,""x_ft"":-60.2,""y_ft"":389.4},{""angle"":-6.7,""dist"":398.6,""x_ft"":-46.5,""y_ft"":395.9},{""angle"":-4.65,""dist"":403.1,""x_ft"":-32.7,""y_ft"":401.8},{""angle"":-2.51,""dist"":402.6,""x_ft"":-17.6,""y_ft"":402.2},{""angle"":-0.36,""dist"":402.3,""x_ft"":-2.5,""y_ft"":402.3},{""angle"":1.81,""dist"":402.6,""x_ft"":12.7,""y_ft"":402.4},{""angle"":3.95,""dist"":403.4,""x_ft"":27.8,""y_ft"":402.4},{""angle"":6.04,""dist"":400.2,""x_ft"":42.1,""y_ft"":398},{""angle"":8.11,""dist"":395.6,""x_ft"":55.8,""y_ft"":391.6},{""angle"":10.23,""dist"":391.4,""x_ft"":69.5,""y_ft"":385.2},{""angle"":12.36,""dist"":387,""x_ft"":82.8,""y_ft"":378},{""angle"":14.46,""dist"":381.3,""x_ft"":95.2,""y_ft"":369.2},{""angle"":16.61,""dist"":376.1,""x_ft"":107.5,""y_ft"":360.4},{""angle"":18.8,""dist"":371.4,""x_ft"":119.7,""y_ft"":351.6},{""angle"":21.06,""dist"":367.1,""x_ft"":131.9,""y_ft"":342.6},{""angle"":23.38,""dist"":363.9,""x_ft"":144.4,""y_ft"":334},{""angle"":25.76,""dist"":363.8,""x_ft"":158.1,""y_ft"":327.7},{""angle"":28.12,""dist"":364.9,""x_ft"":172,""y_ft"":321.8},{""angle"":30.49,""dist"":366.6,""x_ft"":186,""y_ft"":315.9},{""angle"":32.81,""dist"":368.9,""x_ft"":199.9,""y_ft"":310.1},{""angle"":35.01,""dist"":367.3,""x_ft"":210.7,""y_ft"":300.8},{""angle"":37.08,""dist"":359.7,""x_ft"":216.9,""y_ft"":287},{""angle"":39.24,""dist"":352.7,""x_ft"":223.1,""y_ft"":273.2},{""angle"":41.47,""dist"":346.1,""x_ft"":229.2,""y_ft"":259.3},{""angle"":43.8,""dist"":340.1,""x_ft"":235.4,""y_ft"":245.5},{""angle"":46.19,""dist"":334.7,""x_ft"":241.5,""y_ft"":231.7},{""angle"":48.63,""dist"":329.3,""x_ft"":247.1,""y_ft"":217.6}]",Sutter Health Park,Sacramento,CA
Atlanta Braves,braves,M 87.8 286.4 L 78.9 277 L 70 267.7 L 61.1 258.3 L 54.8 248.1 L 60.3 236.4 L 66.1 224.8 L 71.7 213.2 L 77.3 201.5 L 82.8 189.9 L 88.5 178.2 L 96.5 168.4 L 107.1 160.8 L 117.6 153.4 L 128.2 146 L 138.7 138.5 L 150.3 132.9 L 162.4 128.3 L 174.5 123.5 L 186.4 118.8 L 198.3 113.7 L 210.4 108.8 L 222.3 104.1 L 234.3 99.2 L 246.8 96.6 L 259.8 96.4 L 272.8 96.4 L 285.6 96.4 L 298.6 96.4 L 311.5 96.8 L 323.4 101.4 L 334.9 107.4 L 346.4 113.2 L 357.8 119.3 L 369.3 125.2 L 380.8 131.1 L 392.4 137 L 403.8 142.9 L 413.4 151.3 L 421.2 161.6 L 428.9 172 L 436.6 182.3 L 444.4 192.7 L 452.2 203.1 L 460 213.3 L 467.7 223.8 L 475.4 234.1 L 483.1 244.4 L 487.9 255.6,M 275 460 L 87.8 286.4 L 78.9 277 L 70 267.7 L 61.1 258.3 L 54.8 248.1 L 60.3 236.4 L 66.1 224.8 L 71.7 213.2 L 77.3 201.5 L 82.8 189.9 L 88.5 178.2 L 96.5 168.4 L 107.1 160.8 L 117.6 153.4 L 128.2 146 L 138.7 138.5 L 150.3 132.9 L 162.4 128.3 L 174.5 123.5 L 186.4 118.8 L 198.3 113.7 L 210.4 108.8 L 222.3 104.1 L 234.3 99.2 L 246.8 96.6 L 259.8 96.4 L 272.8 96.4 L 285.6 96.4 L 298.6 96.4 L 311.5 96.8 L 323.4 101.4 L 334.9 107.4 L 346.4 113.2 L 357.8 119.3 L 369.3 125.2 L 380.8 131.1 L 392.4 137 L 403.8 142.9 L 413.4 151.3 L 421.2 161.6 L 428.9 172 L 436.6 182.3 L 444.4 192.7 L 452.2 203.1 L 460 213.3 L 467.7 223.8 L 475.4 234.1 L 483.1 244.4 L 487.9 255.6 Z,87.8,286.4,487.9,255.6,"[{""angle"":-47.16,""dist"":283.7,""x_ft"":-208,""y_ft"":192.9},{""angle"":-46.99,""dist"":298,""x_ft"":-217.9,""y_ft"":203.3},{""angle"":-46.83,""dist"":312.3,""x_ft"":-227.8,""y_ft"":213.7},{""angle"":-46.69,""dist"":326.7,""x_ft"":-237.7,""y_ft"":224.1},{""angle"":-46.11,""dist"":339.5,""x_ft"":-244.7,""y_ft"":235.4},{""angle"":-43.84,""dist"":344.4,""x_ft"":-238.5,""y_ft"":248.4},{""angle"":-41.61,""dist"":349.5,""x_ft"":-232.1,""y_ft"":261.3},{""angle"":-39.48,""dist"":355.3,""x_ft"":-225.9,""y_ft"":274.2},{""angle"":-37.41,""dist"":361.6,""x_ft"":-219.7,""y_ft"":287.2},{""angle"":-35.43,""dist"":368.3,""x_ft"":-213.5,""y_ft"":300.1},{""angle"":-33.5,""dist"":375.5,""x_ft"":-207.2,""y_ft"":313.1},{""angle"":-31.47,""dist"":379.9,""x_ft"":-198.3,""y_ft"":324},{""angle"":-29.31,""dist"":381.2,""x_ft"":-186.6,""y_ft"":332.4},{""angle"":-27.17,""dist"":383,""x_ft"":-174.9,""y_ft"":340.7},{""angle"":-25.05,""dist"":385.1,""x_ft"":-163.1,""y_ft"":348.9},{""angle"":-22.97,""dist"":388,""x_ft"":-151.4,""y_ft"":357.2},{""angle"":-20.86,""dist"":388.9,""x_ft"":-138.5,""y_ft"":363.4},{""angle"":-18.75,""dist"":389.3,""x_ft"":-125.1,""y_ft"":368.6},{""angle"":-16.63,""dist"":390.2,""x_ft"":-111.7,""y_ft"":373.9},{""angle"":-14.55,""dist"":391.7,""x_ft"":-98.4,""y_ft"":379.1},{""angle"":-12.48,""dist"":394.1,""x_ft"":-85.2,""y_ft"":384.8},{""angle"":-10.43,""dist"":396.8,""x_ft"":-71.8,""y_ft"":390.2},{""angle"":-8.41,""dist"":399.8,""x_ft"":-58.5,""y_ft"":395.5},{""angle"":-6.43,""dist"":403.4,""x_ft"":-45.2,""y_ft"":400.9},{""angle"":-4.43,""dist"":405,""x_ft"":-31.3,""y_ft"":403.8},{""angle"":-2.4,""dist"":404.4,""x_ft"":-16.9,""y_ft"":404},{""angle"":-0.35,""dist"":404,""x_ft"":-2.5,""y_ft"":404},{""angle"":1.67,""dist"":404.2,""x_ft"":11.8,""y_ft"":404},{""angle"":3.71,""dist"":404.8,""x_ft"":26.2,""y_ft"":404},{""angle"":5.74,""dist"":405.6,""x_ft"":40.6,""y_ft"":403.6},{""angle"":7.69,""dist"":402,""x_ft"":53.8,""y_ft"":398.4},{""angle"":9.63,""dist"":397.4,""x_ft"":66.5,""y_ft"":391.8},{""angle"":11.63,""dist"":393.4,""x_ft"":79.3,""y_ft"":385.3},{""angle"":13.66,""dist"":389.6,""x_ft"":92,""y_ft"":378.6},{""angle"":15.73,""dist"":386.5,""x_ft"":104.8,""y_ft"":372},{""angle"":17.84,""dist"":383.9,""x_ft"":117.6,""y_ft"":365.4},{""angle"":19.97,""dist"":381.9,""x_ft"":130.4,""y_ft"":358.9},{""angle"":22.11,""dist"":380.3,""x_ft"":143.1,""y_ft"":352.3},{""angle"":24.15,""dist"":375.9,""x_ft"":153.8,""y_ft"":343},{""angle"":26.1,""dist"":369.1,""x_ft"":162.4,""y_ft"":331.5},{""angle"":28.12,""dist"":362.8,""x_ft"":171,""y_ft"":320},{""angle"":30.21,""dist"":357,""x_ft"":179.6,""y_ft"":308.5},{""angle"":32.36,""dist"":351.6,""x_ft"":188.2,""y_ft"":297},{""angle"":34.59,""dist"":346.8,""x_ft"":196.9,""y_ft"":285.5},{""angle"":36.86,""dist"":342.6,""x_ft"":205.5,""y_ft"":274.1},{""angle"":39.2,""dist"":338.7,""x_ft"":214.1,""y_ft"":262.5},{""angle"":41.58,""dist"":335.6,""x_ft"":222.7,""y_ft"":251},{""angle"":43.99,""dist"":332.9,""x_ft"":231.2,""y_ft"":239.5},{""angle"":46.17,""dist"":328,""x_ft"":236.6,""y_ft"":227.1}]",Truist Park,Atlanta,GA
Baltimore Orioles,orioles,M 79.1 287.7 L 72.3 278.1 L 66.7 270.1 L 62.3 263.9 L 59.3 259.6 L 57.7 257.4 L 55.7 249.7 L 54.2 237.2 L 50.1 224.1 L 45.9 211.2 L 50.1 198.5 L 56.3 186.7 L 67.6 179 L 78.9 171.4 L 90.2 163.7 L 101.5 156.1 L 112.8 148.4 L 124.1 140.8 L 135.4 133.1 L 146.7 125.5 L 158 117.8 L 168.3 115.5 L 176 126.7 L 185.3 129.5 L 196.5 121.8 L 207.8 114 L 219 106.4 L 230.3 98.6 L 241.6 90.9 L 254.1 90.9 L 267.3 94.5 L 280.5 98.1 L 293.6 101.7 L 306.8 105.3 L 320 108.9 L 333.1 112.5 L 346.3 116.1 L 359.4 119.7 L 372.6 123.3 L 385.8 126.9 L 397.9 127.7 L 401 134.6 L 407.9 146.2 L 415.6 157.5 L 423.2 168.8 L 430.8 180.1 L 442.7 183.8 L 456.4 184.1 L 461.8 195.7 L 466.2 208.5 L 470.7 221.4 L 475.2 234.4 L 479.6 247.2 L 485 259.7,M 275 460 L 79.1 287.7 L 72.3 278.1 L 66.7 270.1 L 62.3 263.9 L 59.3 259.6 L 57.7 257.4 L 55.7 249.7 L 54.2 237.2 L 50.1 224.1 L 45.9 211.2 L 50.1 198.5 L 56.3 186.7 L 67.6 179 L 78.9 171.4 L 90.2 163.7 L 101.5 156.1 L 112.8 148.4 L 124.1 140.8 L 135.4 133.1 L 146.7 125.5 L 158 117.8 L 168.3 115.5 L 176 126.7 L 185.3 129.5 L 196.5 121.8 L 207.8 114 L 219 106.4 L 230.3 98.6 L 241.6 90.9 L 254.1 90.9 L 267.3 94.5 L 280.5 98.1 L 293.6 101.7 L 306.8 105.3 L 320 108.9 L 333.1 112.5 L 346.3 116.1 L 359.4 119.7 L 372.6 123.3 L 385.8 126.9 L 397.9 127.7 L 401 134.6 L 407.9 146.2 L 415.6 157.5 L 423.2 168.8 L 430.8 180.1 L 442.7 183.8 L 456.4 184.1 L 461.8 195.7 L 466.2 208.5 L 470.7 221.4 L 475.2 234.4 L 479.6 247.2 L 485 259.7 Z,79.1,287.7,485,259.7,"[{""angle"":-48.68,""dist"":289.9,""x_ft"":-217.7,""y_ft"":191.4},{""angle"":-48.09,""dist"":302.6,""x_ft"":-225.2,""y_ft"":202.1},{""angle"":-47.64,""dist"":313.2,""x_ft"":-231.4,""y_ft"":211},{""angle"":-47.32,""dist"":321.4,""x_ft"":-236.3,""y_ft"":217.9},{""angle"":-47.11,""dist"":327.2,""x_ft"":-239.7,""y_ft"":222.7},{""angle"":-47,""dist"":330.1,""x_ft"":-241.4,""y_ft"":225.1},{""angle"":-46.2,""dist"":337.6,""x_ft"":-243.7,""y_ft"":233.7},{""angle"":-44.73,""dist"":348.5,""x_ft"":-245.3,""y_ft"":247.6},{""angle"":-43.64,""dist"":362.1,""x_ft"":-249.9,""y_ft"":262.1},{""angle"":-42.63,""dist"":375.8,""x_ft"":-254.5,""y_ft"":276.5},{""angle"":-40.69,""dist"":383.3,""x_ft"":-249.9,""y_ft"":290.6},{""angle"":-38.66,""dist"":389,""x_ft"":-243,""y_ft"":303.7},{""angle"":-36.43,""dist"":388,""x_ft"":-230.4,""y_ft"":312.2},{""angle"":-34.19,""dist"":387.7,""x_ft"":-217.9,""y_ft"":320.7},{""angle"":-31.95,""dist"":388,""x_ft"":-205.3,""y_ft"":329.2},{""angle"":-29.72,""dist"":388.9,""x_ft"":-192.8,""y_ft"":337.7},{""angle"":-27.5,""dist"":390.3,""x_ft"":-180.2,""y_ft"":346.2},{""angle"":-25.3,""dist"":392.3,""x_ft"":-167.7,""y_ft"":354.7},{""angle"":-23.12,""dist"":394.9,""x_ft"":-155.1,""y_ft"":363.2},{""angle"":-20.99,""dist"":398.1,""x_ft"":-142.6,""y_ft"":371.7},{""angle"":-18.88,""dist"":401.8,""x_ft"":-130,""y_ft"":380.2},{""angle"":-17.21,""dist"":400.8,""x_ft"":-118.6,""y_ft"":382.8},{""angle"":-16.54,""dist"":386.3,""x_ft"":-110,""y_ft"":370.3},{""angle"":-15.19,""dist"":380.5,""x_ft"":-99.7,""y_ft"":367.2},{""angle"":-13.06,""dist"":385.8,""x_ft"":-87.2,""y_ft"":375.8},{""angle"":-11,""dist"":391.6,""x_ft"":-74.7,""y_ft"":384.4},{""angle"":-9,""dist"":397.8,""x_ft"":-62.2,""y_ft"":392.9},{""angle"":-7.06,""dist"":404.6,""x_ft"":-49.7,""y_ft"":401.5},{""angle"":-5.17,""dist"":411.8,""x_ft"":-37.1,""y_ft"":410.1},{""angle"":-3.24,""dist"":410.8,""x_ft"":-23.2,""y_ft"":410.1},{""angle"":-1.21,""dist"":406.2,""x_ft"":-8.6,""y_ft"":406.1},{""angle"":0.87,""dist"":402.1,""x_ft"":6.1,""y_ft"":402.1},{""angle"":2.98,""dist"":398.6,""x_ft"":20.7,""y_ft"":398.1},{""angle"":5.12,""dist"":395.7,""x_ft"":35.3,""y_ft"":394.1},{""angle"":7.3,""dist"":393.3,""x_ft"":50,""y_ft"":390.1},{""angle"":9.5,""dist"":391.5,""x_ft"":64.6,""y_ft"":386.1},{""angle"":11.71,""dist"":390.2,""x_ft"":79.2,""y_ft"":382.1},{""angle"":13.93,""dist"":389.6,""x_ft"":93.8,""y_ft"":378.1},{""angle"":16.17,""dist"":389.5,""x_ft"":108.5,""y_ft"":374.1},{""angle"":18.4,""dist"":390,""x_ft"":123.1,""y_ft"":370.1},{""angle"":20.3,""dist"":393.7,""x_ft"":136.6,""y_ft"":369.2},{""angle"":21.16,""dist"":387.8,""x_ft"":140,""y_ft"":361.6},{""angle"":22.96,""dist"":378.7,""x_ft"":147.7,""y_ft"":348.7},{""angle"":24.93,""dist"":370.6,""x_ft"":156.2,""y_ft"":336.1},{""angle"":26.97,""dist"":363.1,""x_ft"":164.7,""y_ft"":323.6},{""angle"":29.1,""dist"":355.9,""x_ft"":173.1,""y_ft"":311},{""angle"":31.26,""dist"":359,""x_ft"":186.3,""y_ft"":306.9},{""angle"":33.32,""dist"":366.8,""x_ft"":201.5,""y_ft"":306.5},{""angle"":35.24,""dist"":359.6,""x_ft"":207.5,""y_ft"":293.7},{""angle"":37.26,""dist"":351,""x_ft"":212.5,""y_ft"":279.4},{""angle"":39.35,""dist"":342.8,""x_ft"":217.4,""y_ft"":265.1},{""angle"":41.58,""dist"":335.1,""x_ft"":222.4,""y_ft"":250.7},{""angle"":43.88,""dist"":327.9,""x_ft"":227.3,""y_ft"":236.4},{""angle"":46.34,""dist"":322.5,""x_ft"":233.3,""y_ft"":222.6}]",Oriole Park at Camden Yards,Baltimore,MD
Boston Red Sox,red_sox,M 91.1 287.6 L 81.8 278.1 L 72.4 268.7 L 78.9 259.3 L 88.2 249.8 L 97.7 240.6 L 107.1 231.1 L 116.4 221.8 L 125.9 212.4 L 135.2 203.1 L 144.5 193.6 L 153.9 184.3 L 163.4 175.1 L 172.8 165.6 L 182 156.2 L 191.4 146.8 L 200.8 137.4 L 210.1 127.9 L 219.5 118.6 L 229.8 118.7 L 242 118.2 L 254.8 114.7 L 267.5 111.2 L 280.3 107.7 L 293.1 104.3 L 306 100.9 L 318.7 97.4 L 331.5 93.9 L 344.3 90.5 L 352.8 96.2 L 357.1 108.7 L 361.1 121.3 L 371.5 128.5 L 383.4 134.5 L 395.2 140.3 L 407.1 146.3 L 419 152.1 L 430.9 158.1 L 442.8 163.9 L 454.6 169.8 L 466.5 175.7 L 478.4 181.6 L 490.2 187.7 L 498.2 198.1 L 500.8 211 L 497 223.6 L 491.7 235.7 L 486 247.7 L 480.5 259.8 L 474.9 271.8,M 275 460 L 91.1 287.6 L 81.8 278.1 L 72.4 268.7 L 78.9 259.3 L 88.2 249.8 L 97.7 240.6 L 107.1 231.1 L 116.4 221.8 L 125.9 212.4 L 135.2 203.1 L 144.5 193.6 L 153.9 184.3 L 163.4 175.1 L 172.8 165.6 L 182 156.2 L 191.4 146.8 L 200.8 137.4 L 210.1 127.9 L 219.5 118.6 L 229.8 118.7 L 242 118.2 L 254.8 114.7 L 267.5 111.2 L 280.3 107.7 L 293.1 104.3 L 306 100.9 L 318.7 97.4 L 331.5 93.9 L 344.3 90.5 L 352.8 96.2 L 357.1 108.7 L 361.1 121.3 L 371.5 128.5 L 383.4 134.5 L 395.2 140.3 L 407.1 146.3 L 419 152.1 L 430.9 158.1 L 442.8 163.9 L 454.6 169.8 L 466.5 175.7 L 478.4 181.6 L 490.2 187.7 L 498.2 198.1 L 500.8 211 L 497 223.6 L 491.7 235.7 L 486 247.7 L 480.5 259.8 L 474.9 271.8 Z,91.1,287.6,474.9,271.8,"[{""angle"":-46.84,""dist"":280.1,""x_ft"":-204.3,""y_ft"":191.6},{""angle"":-46.73,""dist"":294.9,""x_ft"":-214.7,""y_ft"":202.1},{""angle"":-46.64,""dist"":309.6,""x_ft"":-225.1,""y_ft"":212.6},{""angle"":-44.34,""dist"":311.8,""x_ft"":-217.9,""y_ft"":223},{""angle"":-41.63,""dist"":312.4,""x_ft"":-207.5,""y_ft"":233.5},{""angle"":-38.94,""dist"":313.4,""x_ft"":-197,""y_ft"":243.8},{""angle"":-36.27,""dist"":315.4,""x_ft"":-186.6,""y_ft"":254.3},{""angle"":-33.65,""dist"":318,""x_ft"":-176.2,""y_ft"":264.7},{""angle"":-31.06,""dist"":321.1,""x_ft"":-165.7,""y_ft"":275.1},{""angle"":-28.54,""dist"":325,""x_ft"":-155.3,""y_ft"":285.5},{""angle"":-26.1,""dist"":329.6,""x_ft"":-145,""y_ft"":296},{""angle"":-23.71,""dist"":334.5,""x_ft"":-134.5,""y_ft"":306.3},{""angle"":-21.39,""dist"":340,""x_ft"":-124,""y_ft"":316.6},{""angle"":-19.15,""dist"":346.3,""x_ft"":-113.6,""y_ft"":327.1},{""angle"":-17.01,""dist"":353.1,""x_ft"":-103.3,""y_ft"":337.6},{""angle"":-14.95,""dist"":360.2,""x_ft"":-92.9,""y_ft"":348},{""angle"":-12.95,""dist"":367.8,""x_ft"":-82.4,""y_ft"":358.4},{""angle"":-11.06,""dist"":376,""x_ft"":-72.1,""y_ft"":369},{""angle"":-9.24,""dist"":384.3,""x_ft"":-61.7,""y_ft"":379.3},{""angle"":-7.54,""dist"":382.5,""x_ft"":-50.2,""y_ft"":379.2},{""angle"":-5.52,""dist"":381.6,""x_ft"":-36.7,""y_ft"":379.8},{""angle"":-3.36,""dist"":384.4,""x_ft"":-22.5,""y_ft"":383.7},{""angle"":-1.23,""dist"":387.6,""x_ft"":-8.3,""y_ft"":387.5},{""angle"":0.86,""dist"":391.4,""x_ft"":5.9,""y_ft"":391.4},{""angle"":2.91,""dist"":395.7,""x_ft"":20.1,""y_ft"":395.2},{""angle"":4.93,""dist"":400.5,""x_ft"":34.4,""y_ft"":399},{""angle"":6.88,""dist"":405.8,""x_ft"":48.6,""y_ft"":402.9},{""angle"":8.78,""dist"":411.6,""x_ft"":62.8,""y_ft"":406.8},{""angle"":10.62,""dist"":417.8,""x_ft"":77,""y_ft"":410.6},{""angle"":12.07,""dist"":413.3,""x_ft"":86.4,""y_ft"":404.2},{""angle"":13.15,""dist"":400.8,""x_ft"":91.2,""y_ft"":390.3},{""angle"":14.27,""dist"":388.3,""x_ft"":95.7,""y_ft"":376.3},{""angle"":16.23,""dist"":383.6,""x_ft"":107.2,""y_ft"":368.3},{""angle"":18.41,""dist"":381.2,""x_ft"":120.4,""y_ft"":361.7},{""angle"":20.61,""dist"":379.5,""x_ft"":133.6,""y_ft"":355.2},{""angle"":22.84,""dist"":378.2,""x_ft"":146.8,""y_ft"":348.6},{""angle"":25.07,""dist"":377.7,""x_ft"":160,""y_ft"":342.1},{""angle"":27.3,""dist"":377.6,""x_ft"":173.2,""y_ft"":335.5},{""angle"":29.53,""dist"":378.1,""x_ft"":186.4,""y_ft"":329},{""angle"":31.76,""dist"":379.2,""x_ft"":199.6,""y_ft"":322.4},{""angle"":33.97,""dist"":380.9,""x_ft"":212.8,""y_ft"":315.9},{""angle"":36.15,""dist"":383.1,""x_ft"":226,""y_ft"":309.3},{""angle"":38.31,""dist"":385.7,""x_ft"":239.1,""y_ft"":302.6},{""angle"":40.44,""dist"":382.3,""x_ft"":248,""y_ft"":291},{""angle"":42.2,""dist"":373.5,""x_ft"":250.9,""y_ft"":276.7},{""angle"":43.2,""dist"":360.4,""x_ft"":246.7,""y_ft"":262.7},{""angle"":44.02,""dist"":346.5,""x_ft"":240.8,""y_ft"":249.2},{""angle"":44.83,""dist"":332.6,""x_ft"":234.5,""y_ft"":235.9},{""angle"":45.74,""dist"":318.8,""x_ft"":228.3,""y_ft"":222.5},{""angle"":46.73,""dist"":305,""x_ft"":222.1,""y_ft"":209.1}]",Fenway Park,Boston,MA
Chicago Cubs,cubs,M 86.2 285.3 L 77 275.7 L 67.5 266.1 L 58 256.7 L 48.6 247.2 L 46.6 237.6 L 56.9 229.2 L 67.2 220.5 L 77.4 211.9 L 87.7 203.2 L 98 194.7 L 108.5 186.5 L 121.4 184.8 L 133.3 179.1 L 144.8 172.2 L 156.2 165.2 L 167.6 158.1 L 179.1 151.2 L 190.5 144.3 L 201.9 137.3 L 213.3 130.2 L 224.8 123.3 L 236.1 116.3 L 247.7 109.5 L 259.6 103.5 L 272.6 100 L 285.7 97.8 L 299 96.7 L 312.4 97.5 L 325.7 99.4 L 338.5 103.1 L 351 107.9 L 362.8 114.1 L 374 121.4 L 384.4 129.9 L 393.9 139.3 L 403.3 148.8 L 412.7 158.3 L 422.1 167.8 L 431.6 177.3 L 441 186.8 L 452 193.5 L 465.1 191.3 L 475.1 199.4 L 483.6 209.6 L 492.1 220 L 500.6 230.3 L 509 240.7,M 275 460 L 86.2 285.3 L 77 275.7 L 67.5 266.1 L 58 256.7 L 48.6 247.2 L 46.6 237.6 L 56.9 229.2 L 67.2 220.5 L 77.4 211.9 L 87.7 203.2 L 98 194.7 L 108.5 186.5 L 121.4 184.8 L 133.3 179.1 L 144.8 172.2 L 156.2 165.2 L 167.6 158.1 L 179.1 151.2 L 190.5 144.3 L 201.9 137.3 L 213.3 130.2 L 224.8 123.3 L 236.1 116.3 L 247.7 109.5 L 259.6 103.5 L 272.6 100 L 285.7 97.8 L 299 96.7 L 312.4 97.5 L 325.7 99.4 L 338.5 103.1 L 351 107.9 L 362.8 114.1 L 374 121.4 L 384.4 129.9 L 393.9 139.3 L 403.3 148.8 L 412.7 158.3 L 422.1 167.8 L 431.6 177.3 L 441 186.8 L 452 193.5 L 465.1 191.3 L 475.1 199.4 L 483.6 209.6 L 492.1 220 L 500.6 230.3 L 509 240.7 Z,86.2,285.3,509,240.7,"[{""angle"":-47.23,""dist"":285.8,""x_ft"":-209.8,""y_ft"":194.1},{""angle"":-47.05,""dist"":300.6,""x_ft"":-220,""y_ft"":204.8},{""angle"":-46.94,""dist"":315.5,""x_ft"":-230.5,""y_ft"":215.4},{""angle"":-46.86,""dist"":330.4,""x_ft"":-241.1,""y_ft"":225.9},{""angle"":-46.78,""dist"":345.2,""x_ft"":-251.6,""y_ft"":236.4},{""angle"":-45.77,""dist"":354.2,""x_ft"":-253.8,""y_ft"":247.1},{""angle"":-43.37,""dist"":352.8,""x_ft"":-242.3,""y_ft"":256.5},{""angle"":-40.95,""dist"":352.3,""x_ft"":-230.9,""y_ft"":266.1},{""angle"":-38.53,""dist"":352.4,""x_ft"":-219.5,""y_ft"":275.7},{""angle"":-36.11,""dist"":353.1,""x_ft"":-208.1,""y_ft"":285.3},{""angle"":-33.71,""dist"":354.4,""x_ft"":-196.7,""y_ft"":294.8},{""angle"":-31.33,""dist"":355.8,""x_ft"":-185,""y_ft"":303.9},{""angle"":-29.17,""dist"":350.2,""x_ft"":-170.7,""y_ft"":305.8},{""angle"":-26.76,""dist"":349.5,""x_ft"":-157.4,""y_ft"":312.1},{""angle"":-24.35,""dist"":351,""x_ft"":-144.7,""y_ft"":319.8},{""angle"":-21.95,""dist"":353.2,""x_ft"":-132,""y_ft"":327.6},{""angle"":-19.58,""dist"":356,""x_ft"":-119.3,""y_ft"":335.4},{""angle"":-17.26,""dist"":359.3,""x_ft"":-106.6,""y_ft"":343.1},{""angle"":-14.99,""dist"":363.1,""x_ft"":-93.9,""y_ft"":350.8},{""angle"":-12.76,""dist"":367.7,""x_ft"":-81.2,""y_ft"":358.6},{""angle"":-10.6,""dist"":372.8,""x_ft"":-68.6,""y_ft"":366.4},{""angle"":-8.48,""dist"":378.2,""x_ft"":-55.8,""y_ft"":374.1},{""angle"":-6.45,""dist"":384.3,""x_ft"":-43.2,""y_ft"":381.9},{""angle"":-4.45,""dist"":390.6,""x_ft"":-30.3,""y_ft"":389.4},{""angle"":-2.47,""dist"":396.5,""x_ft"":-17.1,""y_ft"":396.1},{""angle"":-0.39,""dist"":400,""x_ft"":-2.7,""y_ft"":400},{""angle"":1.69,""dist"":402.6,""x_ft"":11.9,""y_ft"":402.4},{""angle"":3.78,""dist"":404.6,""x_ft"":26.7,""y_ft"":403.7},{""angle"":5.9,""dist"":404.9,""x_ft"":41.6,""y_ft"":402.8},{""angle"":8,""dist"":404.6,""x_ft"":56.3,""y_ft"":400.7},{""angle"":10.09,""dist"":402.8,""x_ft"":70.6,""y_ft"":396.6},{""angle"":12.17,""dist"":400.2,""x_ft"":84.4,""y_ft"":391.2},{""angle"":14.25,""dist"":396.5,""x_ft"":97.6,""y_ft"":384.3},{""angle"":16.3,""dist"":392,""x_ft"":110,""y_ft"":376.2},{""angle"":18.34,""dist"":386.4,""x_ft"":121.6,""y_ft"":366.8},{""angle"":20.34,""dist"":380,""x_ft"":132.1,""y_ft"":356.3},{""angle"":22.41,""dist"":374,""x_ft"":142.6,""y_ft"":345.8},{""angle"":24.53,""dist"":368.5,""x_ft"":153,""y_ft"":335.2},{""angle"":26.73,""dist"":363.5,""x_ft"":163.5,""y_ft"":324.7},{""angle"":28.98,""dist"":359.1,""x_ft"":174,""y_ft"":314.1},{""angle"":31.28,""dist"":355.1,""x_ft"":184.4,""y_ft"":303.5},{""angle"":33.6,""dist"":355.5,""x_ft"":196.7,""y_ft"":296.1},{""angle"":35.27,""dist"":365.7,""x_ft"":211.2,""y_ft"":298.6},{""angle"":37.51,""dist"":365.1,""x_ft"":222.3,""y_ft"":289.6},{""angle"":39.8,""dist"":362.1,""x_ft"":231.8,""y_ft"":278.2},{""angle"":42.13,""dist"":359.6,""x_ft"":241.2,""y_ft"":266.7},{""angle"":44.49,""dist"":357.7,""x_ft"":250.7,""y_ft"":255.2},{""angle"":46.85,""dist"":356.4,""x_ft"":260,""y_ft"":243.7}]",Wrigley Field,Chicago,IL
Chicago White Sox,white_sox,M 84 294.9 L 76.3 284.6 L 67.5 275.1 L 57.7 266.5 L 51.3 257.6 L 59.2 247.3 L 66.8 236.8 L 74.6 226.4 L 82.3 216 L 90 205.6 L 98.5 195.8 L 107.8 186.7 L 117 177.7 L 126.3 168.6 L 135.6 159.6 L 144.9 150.4 L 154.3 141.6 L 164.6 133.7 L 175.4 126.6 L 186.5 119.9 L 198.4 114.7 L 210.5 109.8 L 221.9 103.8 L 233.1 97.1 L 245.5 94.3 L 258.4 94.3 L 271.4 94.3 L 284.4 94.3 L 297.3 94.3 L 310.3 94.6 L 322.1 99.6 L 333.6 105.5 L 345.6 110.2 L 357.7 115.1 L 369.6 120.2 L 380.7 127 L 391.4 134.2 L 401.4 142.4 L 410.9 151.2 L 419.6 160.8 L 428.4 170.5 L 437.1 180 L 445.8 189.6 L 454.4 199.4 L 463 209.1 L 471.6 218.8 L 480.4 228.3 L 489 238.1 L 497.7 247.7,M 275 460 L 84 294.9 L 76.3 284.6 L 67.5 275.1 L 57.7 266.5 L 51.3 257.6 L 59.2 247.3 L 66.8 236.8 L 74.6 226.4 L 82.3 216 L 90 205.6 L 98.5 195.8 L 107.8 186.7 L 117 177.7 L 126.3 168.6 L 135.6 159.6 L 144.9 150.4 L 154.3 141.6 L 164.6 133.7 L 175.4 126.6 L 186.5 119.9 L 198.4 114.7 L 210.5 109.8 L 221.9 103.8 L 233.1 97.1 L 245.5 94.3 L 258.4 94.3 L 271.4 94.3 L 284.4 94.3 L 297.3 94.3 L 310.3 94.6 L 322.1 99.6 L 333.6 105.5 L 345.6 110.2 L 357.7 115.1 L 369.6 120.2 L 380.7 127 L 391.4 134.2 L 401.4 142.4 L 410.9 151.2 L 419.6 160.8 L 428.4 170.5 L 437.1 180 L 445.8 189.6 L 454.4 199.4 L 463 209.1 L 471.6 218.8 L 480.4 228.3 L 489 238.1 L 497.7 247.7 Z,84,294.9,497.7,247.7,"[{""angle"":-49.16,""dist"":280.5,""x_ft"":-212.2,""y_ft"":183.4},{""angle"":-48.57,""dist"":294.5,""x_ft"":-220.8,""y_ft"":194.9},{""angle"":-48.31,""dist"":308.8,""x_ft"":-230.6,""y_ft"":205.4},{""angle"":-48.31,""dist"":323.3,""x_ft"":-241.4,""y_ft"":215},{""angle"":-47.85,""dist"":335.2,""x_ft"":-248.5,""y_ft"":224.9},{""angle"":-45.42,""dist"":336.7,""x_ft"":-239.8,""y_ft"":236.3},{""angle"":-43,""dist"":339.1,""x_ft"":-231.3,""y_ft"":248},{""angle"":-40.62,""dist"":342,""x_ft"":-222.7,""y_ft"":259.6},{""angle"":-38.3,""dist"":345.4,""x_ft"":-214.1,""y_ft"":271.1},{""angle"":-36.01,""dist"":349.5,""x_ft"":-205.5,""y_ft"":282.7},{""angle"":-33.74,""dist"":353.1,""x_ft"":-196.1,""y_ft"":293.6},{""angle"":-31.46,""dist"":356,""x_ft"":-185.8,""y_ft"":303.7},{""angle"":-29.22,""dist"":359.5,""x_ft"":-175.5,""y_ft"":313.7},{""angle"":-27.03,""dist"":363.5,""x_ft"":-165.2,""y_ft"":323.8},{""angle"":-24.89,""dist"":368,""x_ft"":-154.9,""y_ft"":333.8},{""angle"":-22.8,""dist"":373.2,""x_ft"":-144.6,""y_ft"":344},{""angle"":-20.76,""dist"":378.4,""x_ft"":-134.1,""y_ft"":353.8},{""angle"":-18.7,""dist"":382.8,""x_ft"":-122.7,""y_ft"":362.6},{""angle"":-16.64,""dist"":386.7,""x_ft"":-110.7,""y_ft"":370.5},{""angle"":-14.58,""dist"":390.5,""x_ft"":-98.3,""y_ft"":377.9},{""angle"":-12.51,""dist"":393,""x_ft"":-85.1,""y_ft"":383.7},{""angle"":-10.44,""dist"":395.7,""x_ft"":-71.7,""y_ft"":389.1},{""angle"":-8.48,""dist"":400.2,""x_ft"":-59,""y_ft"":395.8},{""angle"":-6.59,""dist"":405.9,""x_ft"":-46.6,""y_ft"":403.2},{""angle"":-4.62,""dist"":407.6,""x_ft"":-32.8,""y_ft"":406.3},{""angle"":-2.59,""dist"":406.7,""x_ft"":-18.4,""y_ft"":406.3},{""angle"":-0.56,""dist"":406.3,""x_ft"":-4,""y_ft"":406.3},{""angle"":1.47,""dist"":406.4,""x_ft"":10.4,""y_ft"":406.3},{""angle"":3.49,""dist"":407.1,""x_ft"":24.8,""y_ft"":406.3},{""angle"":5.51,""dist"":407.9,""x_ft"":39.2,""y_ft"":406},{""angle"":7.44,""dist"":403.9,""x_ft"":52.3,""y_ft"":400.5},{""angle"":9.38,""dist"":399.2,""x_ft"":65.1,""y_ft"":393.9},{""angle"":11.42,""dist"":396.5,""x_ft"":78.5,""y_ft"":388.7},{""angle"":13.49,""dist"":394.1,""x_ft"":91.9,""y_ft"":383.2},{""angle"":15.55,""dist"":392,""x_ft"":105.1,""y_ft"":377.6},{""angle"":17.6,""dist"":388.2,""x_ft"":117.4,""y_ft"":370},{""angle"":19.66,""dist"":384.4,""x_ft"":129.3,""y_ft"":362},{""angle"":21.71,""dist"":379.8,""x_ft"":140.5,""y_ft"":352.9},{""angle"":23.75,""dist"":374.9,""x_ft"":151,""y_ft"":343.1},{""angle"":25.8,""dist"":369.2,""x_ft"":160.7,""y_ft"":332.4},{""angle"":27.91,""dist"":364,""x_ft"":170.4,""y_ft"":321.7},{""angle"":30.07,""dist"":359.5,""x_ft"":180.1,""y_ft"":311.1},{""angle"":32.29,""dist"":355.3,""x_ft"":189.8,""y_ft"":300.4},{""angle"":34.54,""dist"":351.6,""x_ft"":199.3,""y_ft"":289.6},{""angle"":36.84,""dist"":348.4,""x_ft"":208.9,""y_ft"":278.8},{""angle"":39.19,""dist"":345.8,""x_ft"":218.5,""y_ft"":268},{""angle"":41.56,""dist"":344,""x_ft"":228.2,""y_ft"":257.4},{""angle"":43.96,""dist"":342.6,""x_ft"":237.8,""y_ft"":246.6},{""angle"":46.36,""dist"":341.8,""x_ft"":247.4,""y_ft"":235.9}]",Rate Field,Chicago,IL
Cincinnati Reds,reds,M 57.4 261 L 61.7 249 L 65.8 236.9 L 74 227.2 L 83 218.2 L 92.1 209.2 L 101.1 200.1 L 110.2 191.1 L 119.2 182.1 L 128.3 173.1 L 137.4 164.1 L 146.4 155 L 155.4 145.9 L 164.4 136.9 L 173.4 127.8 L 183.4 120 L 195.5 116.1 L 207.8 112.2 L 219.9 108.3 L 232.1 104.4 L 244.2 100.4 L 256.4 96.6 L 268.5 92.6 L 280.8 91.4 L 293 95.1 L 305.1 99.2 L 317 103.8 L 328.6 109.2 L 340.1 114.8 L 351.5 120.6 L 362.4 127.2 L 373.3 133.9 L 383.8 141 L 394.2 148.5 L 404.2 156.4 L 414.1 164.4 L 423.8 173 L 433.2 181.4 L 442.2 190.6 L 450.4 200.3 L 458.6 210.2 L 466.5 220.2 L 474.1 230.5 L 481.4 241 L 488.5 251.6 L 490.6 263.6 L 486.6 272.7 L 480 280 L 469.6 291,M 275 460 L 57.4 261 L 61.7 249 L 65.8 236.9 L 74 227.2 L 83 218.2 L 92.1 209.2 L 101.1 200.1 L 110.2 191.1 L 119.2 182.1 L 128.3 173.1 L 137.4 164.1 L 146.4 155 L 155.4 145.9 L 164.4 136.9 L 173.4 127.8 L 183.4 120 L 195.5 116.1 L 207.8 112.2 L 219.9 108.3 L 232.1 104.4 L 244.2 100.4 L 256.4 96.6 L 268.5 92.6 L 280.8 91.4 L 293 95.1 L 305.1 99.2 L 317 103.8 L 328.6 109.2 L 340.1 114.8 L 351.5 120.6 L 362.4 127.2 L 373.3 133.9 L 383.8 141 L 394.2 148.5 L 404.2 156.4 L 414.1 164.4 L 423.8 173 L 433.2 181.4 L 442.2 190.6 L 450.4 200.3 L 458.6 210.2 L 466.5 220.2 L 474.1 230.5 L 481.4 241 L 488.5 251.6 L 490.6 263.6 L 486.6 272.7 L 480 280 L 469.6 291 Z,57.4,261,469.6,291,"[{""angle"":-47.56,""dist"":327.6,""x_ft"":-241.8,""y_ft"":221.1},{""angle"":-45.32,""dist"":333.3,""x_ft"":-237,""y_ft"":234.4},{""angle"":-43.15,""dist"":339.8,""x_ft"":-232.4,""y_ft"":247.9},{""angle"":-40.8,""dist"":341.7,""x_ft"":-223.3,""y_ft"":258.7},{""angle"":-38.44,""dist"":343.1,""x_ft"":-213.3,""y_ft"":268.7},{""angle"":-36.1,""dist"":344.9,""x_ft"":-203.2,""y_ft"":278.7},{""angle"":-33.78,""dist"":347.5,""x_ft"":-193.2,""y_ft"":288.8},{""angle"":-31.5,""dist"":350.4,""x_ft"":-183.1,""y_ft"":298.8},{""angle"":-29.27,""dist"":354,""x_ft"":-173.1,""y_ft"":308.8},{""angle"":-27.08,""dist"":358.1,""x_ft"":-163,""y_ft"":318.8},{""angle"":-24.94,""dist"":362.6,""x_ft"":-152.9,""y_ft"":328.8},{""angle"":-22.86,""dist"":367.8,""x_ft"":-142.9,""y_ft"":338.9},{""angle"":-20.85,""dist"":373.4,""x_ft"":-132.9,""y_ft"":349},{""angle"":-18.9,""dist"":379.5,""x_ft"":-122.9,""y_ft"":359},{""angle"":-17.01,""dist"":386,""x_ft"":-112.9,""y_ft"":369.1},{""angle"":-15.08,""dist"":391.3,""x_ft"":-101.8,""y_ft"":377.8},{""angle"":-13.01,""dist"":392.2,""x_ft"":-88.3,""y_ft"":382.1},{""angle"":-10.94,""dist"":393.6,""x_ft"":-74.7,""y_ft"":386.4},{""angle"":-8.9,""dist"":395.6,""x_ft"":-61.2,""y_ft"":390.8},{""angle"":-6.88,""dist"":398,""x_ft"":-47.7,""y_ft"":395.1},{""angle"":-4.89,""dist"":401,""x_ft"":-34.2,""y_ft"":399.5},{""angle"":-2.93,""dist"":404.3,""x_ft"":-20.7,""y_ft"":403.8},{""angle"":-1.01,""dist"":408.3,""x_ft"":-7.2,""y_ft"":408.2},{""angle"":0.9,""dist"":409.6,""x_ft"":6.4,""y_ft"":409.6},{""angle"":2.82,""dist"":406,""x_ft"":20,""y_ft"":405.5},{""angle"":4.76,""dist"":402.3,""x_ft"":33.4,""y_ft"":400.9},{""angle"":6.73,""dist"":398.5,""x_ft"":46.7,""y_ft"":395.8},{""angle"":8.69,""dist"":394.3,""x_ft"":59.6,""y_ft"":389.8},{""angle"":10.68,""dist"":390.3,""x_ft"":72.3,""y_ft"":383.5},{""angle"":12.7,""dist"":386.6,""x_ft"":85,""y_ft"":377.1},{""angle"":14.71,""dist"":382.3,""x_ft"":97.1,""y_ft"":369.8},{""angle"":16.77,""dist"":378.4,""x_ft"":109.2,""y_ft"":362.3},{""angle"":18.84,""dist"":374.5,""x_ft"":120.9,""y_ft"":354.4},{""angle"":20.95,""dist"":370.6,""x_ft"":132.5,""y_ft"":346.1},{""angle"":23.06,""dist"":366.6,""x_ft"":143.6,""y_ft"":337.3},{""angle"":25.21,""dist"":363,""x_ft"":154.6,""y_ft"":328.4},{""angle"":27.4,""dist"":359.2,""x_ft"":165.3,""y_ft"":318.9},{""angle"":29.6,""dist"":355.9,""x_ft"":175.8,""y_ft"":309.5},{""angle"":31.83,""dist"":352.3,""x_ft"":185.8,""y_ft"":299.3},{""angle"":34.04,""dist"":348.2,""x_ft"":194.9,""y_ft"":288.5},{""angle"":36.31,""dist"":344.5,""x_ft"":204,""y_ft"":277.6},{""angle"":38.62,""dist"":341,""x_ft"":212.8,""y_ft"":266.4},{""angle"":40.94,""dist"":337.6,""x_ft"":221.2,""y_ft"":255},{""angle"":43.3,""dist"":334.3,""x_ft"":229.3,""y_ft"":243.3},{""angle"":45.68,""dist"":331.5,""x_ft"":237.2,""y_ft"":231.6},{""angle"":47.66,""dist"":324,""x_ft"":239.5,""y_ft"":218.2},{""angle"":48.49,""dist"":314,""x_ft"":235.1,""y_ft"":208.1},{""angle"":48.72,""dist"":303.1,""x_ft"":227.8,""y_ft"":200},{""angle"":49.02,""dist"":286.4,""x_ft"":216.2,""y_ft"":187.8}]",Great American Ball Park,Cincinnati,OH
Cleveland Guardians,guardians,M 78.6 284 L 69.6 274.9 L 60.6 265.7 L 60.4 255.4 L 66.6 244.2 L 72.8 232.8 L 78.9 221.5 L 85 210.2 L 91.3 199 L 99.2 189.2 L 109.8 182 L 120.5 174.7 L 131.2 167.6 L 141.8 160.4 L 152.5 153.3 L 163.2 146.1 L 173.9 139 L 184.6 131.7 L 195.3 124.6 L 206 117.4 L 216.6 110.2 L 227.3 103 L 237.9 95.8 L 248.6 88.7 L 261 89.5 L 273 94.1 L 285.2 98.3 L 297.2 102.8 L 309.2 107.3 L 321.3 111.9 L 333.3 116.4 L 345.4 121 L 357.4 125.6 L 369.4 130.2 L 381.4 134.9 L 393.4 139.6 L 405.4 144.1 L 417.4 148.8 L 426.1 158.1 L 433.3 168.7 L 440.6 179.3 L 447.8 190 L 454.9 200.6 L 462 211.4 L 469.2 222 L 476.4 232.8 L 483.6 243.5 L 490.8 254.1,M 275 460 L 78.6 284 L 69.6 274.9 L 60.6 265.7 L 60.4 255.4 L 66.6 244.2 L 72.8 232.8 L 78.9 221.5 L 85 210.2 L 91.3 199 L 99.2 189.2 L 109.8 182 L 120.5 174.7 L 131.2 167.6 L 141.8 160.4 L 152.5 153.3 L 163.2 146.1 L 173.9 139 L 184.6 131.7 L 195.3 124.6 L 206 117.4 L 216.6 110.2 L 227.3 103 L 237.9 95.8 L 248.6 88.7 L 261 89.5 L 273 94.1 L 285.2 98.3 L 297.2 102.8 L 309.2 107.3 L 321.3 111.9 L 333.3 116.4 L 345.4 121 L 357.4 125.6 L 369.4 130.2 L 381.4 134.9 L 393.4 139.6 L 405.4 144.1 L 417.4 148.8 L 426.1 158.1 L 433.3 168.7 L 440.6 179.3 L 447.8 190 L 454.9 200.6 L 462 211.4 L 469.2 222 L 476.4 232.8 L 483.6 243.5 L 490.8 254.1 Z,78.6,284,490.8,254.1,"[{""angle"":-48.14,""dist"":293,""x_ft"":-218.2,""y_ft"":195.5},{""angle"":-47.97,""dist"":307.2,""x_ft"":-228.2,""y_ft"":205.7},{""angle"":-47.81,""dist"":321.5,""x_ft"":-238.2,""y_ft"":215.9},{""angle"":-46.37,""dist"":329.4,""x_ft"":-238.4,""y_ft"":227.3},{""angle"":-44,""dist"":333.4,""x_ft"":-231.6,""y_ft"":239.8},{""angle"":-41.68,""dist"":337.9,""x_ft"":-224.7,""y_ft"":252.4},{""angle"":-39.43,""dist"":343.1,""x_ft"":-217.9,""y_ft"":265},{""angle"":-37.26,""dist"":348.7,""x_ft"":-211.1,""y_ft"":277.5},{""angle"":-35.14,""dist"":354.6,""x_ft"":-204.1,""y_ft"":290},{""angle"":-32.99,""dist"":358.7,""x_ft"":-195.3,""y_ft"":300.9},{""angle"":-30.71,""dist"":359.3,""x_ft"":-183.5,""y_ft"":308.9},{""angle"":-28.44,""dist"":360.5,""x_ft"":-171.7,""y_ft"":317},{""angle"":-26.19,""dist"":362.1,""x_ft"":-159.8,""y_ft"":324.9},{""angle"":-23.97,""dist"":364.3,""x_ft"":-148,""y_ft"":332.9},{""angle"":-21.77,""dist"":367,""x_ft"":-136.1,""y_ft"":340.8},{""angle"":-19.6,""dist"":370.3,""x_ft"":-124.2,""y_ft"":348.8},{""angle"":-17.48,""dist"":374,""x_ft"":-112.3,""y_ft"":356.7},{""angle"":-15.4,""dist"":378.4,""x_ft"":-100.5,""y_ft"":364.8},{""angle"":-13.37,""dist"":383.1,""x_ft"":-88.6,""y_ft"":372.7},{""angle"":-11.39,""dist"":388.3,""x_ft"":-76.7,""y_ft"":380.7},{""angle"":-9.48,""dist"":394.1,""x_ft"":-64.9,""y_ft"":388.7},{""angle"":-7.61,""dist"":400.2,""x_ft"":-53,""y_ft"":396.7},{""angle"":-5.81,""dist"":406.8,""x_ft"":-41.2,""y_ft"":404.7},{""angle"":-4.06,""dist"":413.6,""x_ft"":-29.3,""y_ft"":412.6},{""angle"":-2.17,""dist"":412,""x_ft"":-15.6,""y_ft"":411.7},{""angle"":-0.31,""dist"":406.6,""x_ft"":-2.2,""y_ft"":406.6},{""angle"":1.61,""dist"":402.1,""x_ft"":11.3,""y_ft"":401.9},{""angle"":3.56,""dist"":397.7,""x_ft"":24.7,""y_ft"":396.9},{""angle"":5.54,""dist"":393.7,""x_ft"":38,""y_ft"":391.9},{""angle"":7.57,""dist"":390.2,""x_ft"":51.4,""y_ft"":386.8},{""angle"":9.63,""dist"":387.3,""x_ft"":64.8,""y_ft"":381.8},{""angle"":11.73,""dist"":384.7,""x_ft"":78.2,""y_ft"":376.7},{""angle"":13.83,""dist"":382.7,""x_ft"":91.5,""y_ft"":371.6},{""angle"":15.98,""dist"":381.1,""x_ft"":104.9,""y_ft"":366.4},{""angle"":18.12,""dist"":380,""x_ft"":118.2,""y_ft"":361.2},{""angle"":20.27,""dist"":379.5,""x_ft"":131.5,""y_ft"":356},{""angle"":22.43,""dist"":379.7,""x_ft"":144.9,""y_ft"":351},{""angle"":24.58,""dist"":380.3,""x_ft"":158.2,""y_ft"":345.8},{""angle"":26.59,""dist"":375.2,""x_ft"":167.9,""y_ft"":335.5},{""angle"":28.52,""dist"":368.4,""x_ft"":175.9,""y_ft"":323.7},{""angle"":30.54,""dist"":362.1,""x_ft"":184,""y_ft"":311.9},{""angle"":32.62,""dist"":356.2,""x_ft"":192,""y_ft"":300},{""angle"":34.75,""dist"":350.7,""x_ft"":199.9,""y_ft"":288.2},{""angle"":36.96,""dist"":345.6,""x_ft"":207.8,""y_ft"":276.2},{""angle"":39.22,""dist"":341.3,""x_ft"":215.8,""y_ft"":264.4},{""angle"":41.55,""dist"":337.4,""x_ft"":223.8,""y_ft"":252.5},{""angle"":43.93,""dist"":334.1,""x_ft"":231.8,""y_ft"":240.6},{""angle"":46.34,""dist"":331.4,""x_ft"":239.8,""y_ft"":228.8}]",Progressive Field,Cleveland,OH
Colorado Rockies,rockies,M 85.5 291.9 L 75.7 282.6 L 66 273.3 L 56.4 264.1 L 46.7 254.8 L 47.1 244.4 L 55.6 233.9 L 64.1 223.6 L 72.6 213.2 L 81.2 203 L 89.9 192.7 L 98.5 182.4 L 107.1 172.2 L 115.6 161.8 L 124.2 151.5 L 132.8 141.2 L 141.3 130.9 L 149.9 120.6 L 158.4 110.3 L 167.2 100 L 178.7 94.3 L 192.1 93.2 L 205.4 92 L 218.8 90.8 L 232.2 89.6 L 245.5 88.5 L 258.9 87.4 L 272.2 86.2 L 285.5 85.1 L 298.9 83.9 L 312.3 82.7 L 325.4 82.9 L 336.4 90.4 L 346.6 99 L 357 107.6 L 367.2 116.1 L 377.5 124.8 L 387.9 133.4 L 398.1 141.9 L 408.4 150.6 L 418.7 159.1 L 429 167.8 L 439.2 176.4 L 449.5 185.1 L 459.8 193.7 L 470 202.2 L 480.4 210.8 L 490.7 219.3 L 501 227.9 L 506.4 239.1,M 275 460 L 85.5 291.9 L 75.7 282.6 L 66 273.3 L 56.4 264.1 L 46.7 254.8 L 47.1 244.4 L 55.6 233.9 L 64.1 223.6 L 72.6 213.2 L 81.2 203 L 89.9 192.7 L 98.5 182.4 L 107.1 172.2 L 115.6 161.8 L 124.2 151.5 L 132.8 141.2 L 141.3 130.9 L 149.9 120.6 L 158.4 110.3 L 167.2 100 L 178.7 94.3 L 192.1 93.2 L 205.4 92 L 218.8 90.8 L 232.2 89.6 L 245.5 88.5 L 258.9 87.4 L 272.2 86.2 L 285.5 85.1 L 298.9 83.9 L 312.3 82.7 L 325.4 82.9 L 336.4 90.4 L 346.6 99 L 357 107.6 L 367.2 116.1 L 377.5 124.8 L 387.9 133.4 L 398.1 141.9 L 408.4 150.6 L 418.7 159.1 L 429 167.8 L 439.2 176.4 L 449.5 185.1 L 459.8 193.7 L 470 202.2 L 480.4 210.8 L 490.7 219.3 L 501 227.9 L 506.4 239.1 Z,85.5,291.9,506.4,239.1,"[{""angle"":-48.43,""dist"":281.5,""x_ft"":-210.6,""y_ft"":186.8},{""angle"":-48.32,""dist"":296.4,""x_ft"":-221.4,""y_ft"":197.1},{""angle"":-48.23,""dist"":311.3,""x_ft"":-232.2,""y_ft"":207.4},{""angle"":-48.13,""dist"":326.2,""x_ft"":-242.9,""y_ft"":217.7},{""angle"":-48.05,""dist"":341.1,""x_ft"":-253.7,""y_ft"":228},{""angle"":-46.58,""dist"":348.6,""x_ft"":-253.2,""y_ft"":239.6},{""angle"":-44.14,""dist"":350.1,""x_ft"":-243.8,""y_ft"":251.2},{""angle"":-41.73,""dist"":352,""x_ft"":-234.3,""y_ft"":262.7},{""angle"":-39.36,""dist"":354.6,""x_ft"":-224.9,""y_ft"":274.2},{""angle"":-37.01,""dist"":357.7,""x_ft"":-215.3,""y_ft"":285.6},{""angle"":-34.71,""dist"":361.3,""x_ft"":-205.7,""y_ft"":297},{""angle"":-32.45,""dist"":365.5,""x_ft"":-196.1,""y_ft"":308.4},{""angle"":-30.26,""dist"":370.3,""x_ft"":-186.6,""y_ft"":319.8},{""angle"":-28.13,""dist"":375.7,""x_ft"":-177.1,""y_ft"":331.3},{""angle"":-26.05,""dist"":381.6,""x_ft"":-167.6,""y_ft"":342.8},{""angle"":-24.04,""dist"":387.8,""x_ft"":-158,""y_ft"":354.2},{""angle"":-22.1,""dist"":394.7,""x_ft"":-148.5,""y_ft"":365.7},{""angle"":-20.23,""dist"":401.9,""x_ft"":-139,""y_ft"":377.1},{""angle"":-18.43,""dist"":409.6,""x_ft"":-129.5,""y_ft"":388.6},{""angle"":-16.67,""dist"":417.6,""x_ft"":-119.8,""y_ft"":400},{""angle"":-14.75,""dist"":420.2,""x_ft"":-107,""y_ft"":406.3},{""angle"":-12.73,""dist"":417.9,""x_ft"":-92.1,""y_ft"":407.6},{""angle"":-10.71,""dist"":416.1,""x_ft"":-77.3,""y_ft"":408.9},{""angle"":-8.66,""dist"":414.9,""x_ft"":-62.5,""y_ft"":410.2},{""angle"":-6.6,""dist"":414.2,""x_ft"":-47.6,""y_ft"":411.5},{""angle"":-4.54,""dist"":414.1,""x_ft"":-32.8,""y_ft"":412.8},{""angle"":-2.48,""dist"":414.4,""x_ft"":-17.9,""y_ft"":414},{""angle"":-0.43,""dist"":415.3,""x_ft"":-3.1,""y_ft"":415.3},{""angle"":1.61,""dist"":416.8,""x_ft"":11.7,""y_ft"":416.6},{""angle"":3.64,""dist"":418.7,""x_ft"":26.6,""y_ft"":417.9},{""angle"":5.64,""dist"":421.2,""x_ft"":41.4,""y_ft"":419.2},{""angle"":7.61,""dist"":422.7,""x_ft"":56,""y_ft"":419},{""angle"":9.43,""dist"":416.3,""x_ft"":68.2,""y_ft"":410.7},{""angle"":11.22,""dist"":408.9,""x_ft"":79.6,""y_ft"":401.1},{""angle"":13.1,""dist"":402.1,""x_ft"":91.1,""y_ft"":391.6},{""angle"":15.02,""dist"":395.6,""x_ft"":102.5,""y_ft"":382.1},{""angle"":17,""dist"":389.5,""x_ft"":113.9,""y_ft"":372.5},{""angle"":19.06,""dist"":384,""x_ft"":125.4,""y_ft"":362.9},{""angle"":21.16,""dist"":379,""x_ft"":136.8,""y_ft"":353.4},{""angle"":23.32,""dist"":374.4,""x_ft"":148.2,""y_ft"":343.8},{""angle"":25.53,""dist"":370.5,""x_ft"":159.7,""y_ft"":334.3},{""angle"":27.79,""dist"":367,""x_ft"":171.1,""y_ft"":324.7},{""angle"":30.08,""dist"":364.1,""x_ft"":182.5,""y_ft"":315.1},{""angle"":32.4,""dist"":361.8,""x_ft"":193.9,""y_ft"":305.5},{""angle"":34.75,""dist"":360.1,""x_ft"":205.3,""y_ft"":295.9},{""angle"":37.11,""dist"":359.1,""x_ft"":216.7,""y_ft"":286.4},{""angle"":39.49,""dist"":358.8,""x_ft"":228.2,""y_ft"":276.9},{""angle"":41.87,""dist"":359.1,""x_ft"":239.7,""y_ft"":267.4},{""angle"":44.23,""dist"":359.9,""x_ft"":251.1,""y_ft"":257.9},{""angle"":46.33,""dist"":355.4,""x_ft"":257.1,""y_ft"":245.4}]",Coors Field,Denver,CO
Detroit Tigers,tigers,M 78.5 283.1 L 69 273.5 L 59.4 264 L 49.8 254.4 L 49.6 242.1 L 58.7 232.3 L 68.4 222.8 L 78 213.3 L 87.6 203.8 L 97.2 194.2 L 106.9 184.8 L 116.4 175.1 L 126.1 165.8 L 135.7 156.2 L 145.2 146.6 L 154.8 137.1 L 164.4 127.6 L 174 118.1 L 183.6 108.5 L 193.2 99 L 202.7 89.5 L 212.4 79.9 L 224.8 76.3 L 238.3 76 L 251.8 75.5 L 265.4 75.1 L 278.9 74.7 L 292.4 74.3 L 305.9 73.8 L 319.4 73.4 L 333 73 L 346.3 74.4 L 355.9 83.8 L 365.4 93.3 L 375.1 102.9 L 384.6 112.5 L 394.2 122.1 L 402.8 132.3 L 406.9 145.1 L 412 157.3 L 421.5 166.9 L 431.1 176.5 L 440.6 186 L 450.1 195.7 L 459.7 205.2 L 469.3 214.8 L 478.9 224.3 L 488.4 233.9 L 495.5 244.6 L 494.1 258.1 L 491.3 270.9 L 481.8 280.6 L 472.3 290.3,M 275 460 L 78.5 283.1 L 69 273.5 L 59.4 264 L 49.8 254.4 L 49.6 242.1 L 58.7 232.3 L 68.4 222.8 L 78 213.3 L 87.6 203.8 L 97.2 194.2 L 106.9 184.8 L 116.4 175.1 L 126.1 165.8 L 135.7 156.2 L 145.2 146.6 L 154.8 137.1 L 164.4 127.6 L 174 118.1 L 183.6 108.5 L 193.2 99 L 202.7 89.5 L 212.4 79.9 L 224.8 76.3 L 238.3 76 L 251.8 75.5 L 265.4 75.1 L 278.9 74.7 L 292.4 74.3 L 305.9 73.8 L 319.4 73.4 L 333 73 L 346.3 74.4 L 355.9 83.8 L 365.4 93.3 L 375.1 102.9 L 384.6 112.5 L 394.2 122.1 L 402.8 132.3 L 406.9 145.1 L 412 157.3 L 421.5 166.9 L 431.1 176.5 L 440.6 186 L 450.1 195.7 L 459.7 205.2 L 469.3 214.8 L 478.9 224.3 L 488.4 233.9 L 495.5 244.6 L 494.1 258.1 L 491.3 270.9 L 481.8 280.6 L 472.3 290.3 Z,78.5,283.1,472.3,290.3,"[{""angle"":-47.99,""dist"":293.8,""x_ft"":-218.3,""y_ft"":196.6},{""angle"":-47.85,""dist"":308.8,""x_ft"":-228.9,""y_ft"":207.2},{""angle"":-47.73,""dist"":323.8,""x_ft"":-239.6,""y_ft"":217.8},{""angle"":-47.61,""dist"":338.8,""x_ft"":-250.2,""y_ft"":228.4},{""angle"":-45.97,""dist"":348.3,""x_ft"":-250.4,""y_ft"":242.1},{""angle"":-43.53,""dist"":348.9,""x_ft"":-240.3,""y_ft"":253},{""angle"":-41.05,""dist"":349.4,""x_ft"":-229.5,""y_ft"":263.5},{""angle"":-38.61,""dist"":350.8,""x_ft"":-218.9,""y_ft"":274.1},{""angle"":-36.18,""dist"":352.7,""x_ft"":-208.2,""y_ft"":284.7},{""angle"":-33.78,""dist"":355.3,""x_ft"":-197.5,""y_ft"":295.3},{""angle"":-31.42,""dist"":358.3,""x_ft"":-186.8,""y_ft"":305.8},{""angle"":-29.11,""dist"":362.2,""x_ft"":-176.2,""y_ft"":316.5},{""angle"":-26.84,""dist"":366.4,""x_ft"":-165.4,""y_ft"":326.9},{""angle"":-24.64,""dist"":371.3,""x_ft"":-154.8,""y_ft"":337.5},{""angle"":-22.5,""dist"":376.9,""x_ft"":-144.2,""y_ft"":348.2},{""angle"":-20.41,""dist"":382.8,""x_ft"":-133.5,""y_ft"":358.8},{""angle"":-18.41,""dist"":389.2,""x_ft"":-122.9,""y_ft"":369.3},{""angle"":-16.45,""dist"":396.1,""x_ft"":-112.2,""y_ft"":379.9},{""angle"":-14.58,""dist"":403.6,""x_ft"":-101.6,""y_ft"":390.6},{""angle"":-12.77,""dist"":411.3,""x_ft"":-90.9,""y_ft"":401.1},{""angle"":-11.04,""dist"":419.5,""x_ft"":-80.3,""y_ft"":411.7},{""angle"":-9.35,""dist"":428,""x_ft"":-69.5,""y_ft"":422.3},{""angle"":-7.46,""dist"":429.9,""x_ft"":-55.8,""y_ft"":426.3},{""angle"":-5.46,""dist"":428.6,""x_ft"":-40.8,""y_ft"":426.7},{""angle"":-3.46,""dist"":428,""x_ft"":-25.8,""y_ft"":427.2},{""angle"":-1.43,""dist"":427.8,""x_ft"":-10.7,""y_ft"":427.7},{""angle"":0.58,""dist"":428.1,""x_ft"":4.3,""y_ft"":428.1},{""angle"":2.58,""dist"":429,""x_ft"":19.3,""y_ft"":428.6},{""angle"":4.57,""dist"":430.5,""x_ft"":34.3,""y_ft"":429.1},{""angle"":6.55,""dist"":432.3,""x_ft"":49.3,""y_ft"":429.5},{""angle"":8.52,""dist"":434.8,""x_ft"":64.4,""y_ft"":430},{""angle"":10.47,""dist"":435.7,""x_ft"":79.2,""y_ft"":428.4},{""angle"":12.14,""dist"":427.6,""x_ft"":89.9,""y_ft"":418},{""angle"":13.86,""dist"":419.6,""x_ft"":100.5,""y_ft"":407.4},{""angle"":15.66,""dist"":412.1,""x_ft"":111.2,""y_ft"":396.8},{""angle"":17.51,""dist"":404.9,""x_ft"":121.8,""y_ft"":386.1},{""angle"":19.42,""dist"":398.2,""x_ft"":132.4,""y_ft"":375.5},{""angle"":21.31,""dist"":390.8,""x_ft"":142,""y_ft"":364.1},{""angle"":22.72,""dist"":379.3,""x_ft"":146.5,""y_ft"":349.9},{""angle"":24.35,""dist"":369.1,""x_ft"":152.2,""y_ft"":336.3},{""angle"":26.56,""dist"":364.1,""x_ft"":162.8,""y_ft"":325.7},{""angle"":28.83,""dist"":359.6,""x_ft"":173.4,""y_ft"":315},{""angle"":31.15,""dist"":355.7,""x_ft"":184,""y_ft"":304.4},{""angle"":33.53,""dist"":352.3,""x_ft"":194.6,""y_ft"":293.7},{""angle"":35.94,""dist"":349.6,""x_ft"":205.2,""y_ft"":283.1},{""angle"":38.39,""dist"":347.7,""x_ft"":215.9,""y_ft"":272.5},{""angle"":40.85,""dist"":346.3,""x_ft"":226.5,""y_ft"":261.9},{""angle"":43.35,""dist"":345.4,""x_ft"":237.1,""y_ft"":251.2},{""angle"":45.67,""dist"":342.5,""x_ft"":245,""y_ft"":239.3},{""angle"":47.35,""dist"":331.1,""x_ft"":243.5,""y_ft"":224.3},{""angle"":48.84,""dist"":319.2,""x_ft"":240.3,""y_ft"":210.1},{""angle"":49.07,""dist"":304.2,""x_ft"":229.8,""y_ft"":199.3},{""angle"":49.29,""dist"":289.2,""x_ft"":219.2,""y_ft"":188.6}]",Comerica Park,Detroit,MI
Houston Astros,astros,M 82.2 286.5 L 72.9 277.1 L 63.6 267.8 L 68.4 259.4 L 77.8 250.1 L 87.3 240.9 L 96.7 231.8 L 106.2 222.6 L 115.6 213.3 L 125.3 204.3 L 135.1 195.6 L 144.9 186.8 L 145.8 174.8 L 143.7 161.8 L 153.9 153.6 L 164.1 145.3 L 174.5 137.1 L 184.8 128.9 L 195.2 120.7 L 205.5 112.4 L 215.8 104.2 L 226.1 96 L 236.3 87.7 L 245.9 78.7 L 256.7 71 L 269.1 68.9 L 281.9 71.8 L 289 60.8 L 301.8 61.1 L 314.7 64.1 L 326.8 69.4 L 337.6 76.7 L 346.2 86.5 L 354 96.9 L 363 106.6 L 371.4 116.8 L 379.7 127 L 388.1 137.2 L 397.2 146.6 L 408.3 152.2 L 416.8 162.3 L 425.1 172.4 L 433.6 182.6 L 442 192.8 L 450.5 202.9 L 458.9 213 L 467.2 223.3 L 475.6 233.5 L 484.1 243.6 L 492.4 253.8,M 275 460 L 82.2 286.5 L 72.9 277.1 L 63.6 267.8 L 68.4 259.4 L 77.8 250.1 L 87.3 240.9 L 96.7 231.8 L 106.2 222.6 L 115.6 213.3 L 125.3 204.3 L 135.1 195.6 L 144.9 186.8 L 145.8 174.8 L 143.7 161.8 L 153.9 153.6 L 164.1 145.3 L 174.5 137.1 L 184.8 128.9 L 195.2 120.7 L 205.5 112.4 L 215.8 104.2 L 226.1 96 L 236.3 87.7 L 245.9 78.7 L 256.7 71 L 269.1 68.9 L 281.9 71.8 L 289 60.8 L 301.8 61.1 L 314.7 64.1 L 326.8 69.4 L 337.6 76.7 L 346.2 86.5 L 354 96.9 L 363 106.6 L 371.4 116.8 L 379.7 127 L 388.1 137.2 L 397.2 146.6 L 408.3 152.2 L 416.8 162.3 L 425.1 172.4 L 433.6 182.6 L 442 192.8 L 450.5 202.9 L 458.9 213 L 467.2 223.3 L 475.6 233.5 L 484.1 243.6 L 492.4 253.8 Z,82.2,286.5,492.4,253.8,"[{""angle"":-48.01,""dist"":288.2,""x_ft"":-214.2,""y_ft"":192.8},{""angle"":-47.85,""dist"":302.8,""x_ft"":-224.5,""y_ft"":203.2},{""angle"":-47.72,""dist"":317.5,""x_ft"":-234.9,""y_ft"":213.6},{""angle"":-45.85,""dist"":320,""x_ft"":-229.6,""y_ft"":222.9},{""angle"":-43.21,""dist"":320,""x_ft"":-219.1,""y_ft"":233.2},{""angle"":-40.6,""dist"":320.6,""x_ft"":-208.6,""y_ft"":243.4},{""angle"":-38,""dist"":321.8,""x_ft"":-198.1,""y_ft"":253.6},{""angle"":-35.42,""dist"":323.7,""x_ft"":-187.6,""y_ft"":263.8},{""angle"":-32.87,""dist"":326.3,""x_ft"":-177.1,""y_ft"":274.1},{""angle"":-30.34,""dist"":329.2,""x_ft"":-166.3,""y_ft"":284.1},{""angle"":-27.88,""dist"":332.4,""x_ft"":-155.4,""y_ft"":293.8},{""angle"":-25.45,""dist"":336.2,""x_ft"":-144.5,""y_ft"":303.6},{""angle"":-24.36,""dist"":347.9,""x_ft"":-143.5,""y_ft"":316.9},{""angle"":-23.77,""dist"":362,""x_ft"":-145.9,""y_ft"":331.3},{""angle"":-21.57,""dist"":366.1,""x_ft"":-134.6,""y_ft"":340.5},{""angle"":-19.41,""dist"":370.8,""x_ft"":-123.2,""y_ft"":349.7},{""angle"":-17.29,""dist"":375.8,""x_ft"":-111.7,""y_ft"":358.8},{""angle"":-15.24,""dist"":381.3,""x_ft"":-100.2,""y_ft"":367.9},{""angle"":-13.24,""dist"":387.3,""x_ft"":-88.7,""y_ft"":377},{""angle"":-11.3,""dist"":393.8,""x_ft"":-77.2,""y_ft"":386.2},{""angle"":-9.45,""dist"":400.7,""x_ft"":-65.8,""y_ft"":395.3},{""angle"":-7.65,""dist"":408,""x_ft"":-54.3,""y_ft"":404.4},{""angle"":-5.93,""dist"":415.9,""x_ft"":-43,""y_ft"":413.7},{""angle"":-4.36,""dist"":424.9,""x_ft"":-32.3,""y_ft"":423.7},{""angle"":-2.69,""dist"":432.7,""x_ft"":-20.3,""y_ft"":432.2},{""angle"":-0.87,""dist"":434.7,""x_ft"":-6.6,""y_ft"":434.6},{""angle"":1.02,""dist"":431.4,""x_ft"":7.7,""y_ft"":431.3},{""angle"":2.01,""dist"":443.8,""x_ft"":15.6,""y_ft"":443.5},{""angle"":3.85,""dist"":444.2,""x_ft"":29.8,""y_ft"":443.2},{""angle"":5.72,""dist"":442.1,""x_ft"":44.1,""y_ft"":439.9},{""angle"":7.55,""dist"":437.8,""x_ft"":57.5,""y_ft"":434},{""angle"":9.28,""dist"":431.5,""x_ft"":69.6,""y_ft"":425.9},{""angle"":10.79,""dist"":422.5,""x_ft"":79.1,""y_ft"":415},{""angle"":12.28,""dist"":412.8,""x_ft"":87.8,""y_ft"":403.4},{""angle"":13.98,""dist"":404.7,""x_ft"":97.8,""y_ft"":392.7},{""angle"":15.69,""dist"":396.1,""x_ft"":107.1,""y_ft"":381.3},{""angle"":17.45,""dist"":387.8,""x_ft"":116.3,""y_ft"":370},{""angle"":19.31,""dist"":380.1,""x_ft"":125.7,""y_ft"":358.7},{""angle"":21.31,""dist"":373.7,""x_ft"":135.8,""y_ft"":348.2},{""angle"":23.41,""dist"":372.7,""x_ft"":148.1,""y_ft"":342},{""angle"":25.46,""dist"":366.4,""x_ft"":157.5,""y_ft"":330.8},{""angle"":27.57,""dist"":360.4,""x_ft"":166.8,""y_ft"":319.5},{""angle"":29.76,""dist"":355,""x_ft"":176.2,""y_ft"":308.2},{""angle"":32.01,""dist"":350.1,""x_ft"":185.6,""y_ft"":296.9},{""angle"":34.31,""dist"":345.9,""x_ft"":195,""y_ft"":285.7},{""angle"":36.67,""dist"":342.1,""x_ft"":204.3,""y_ft"":274.4},{""angle"":39.08,""dist"":338.8,""x_ft"":213.6,""y_ft"":263},{""angle"":41.53,""dist"":336.2,""x_ft"":222.9,""y_ft"":251.7},{""angle"":44.02,""dist"":334.3,""x_ft"":232.3,""y_ft"":240.4},{""angle"":46.52,""dist"":333,""x_ft"":241.6,""y_ft"":229.1}]",Daikin Park,Houston,TX
Kansas City Royals,royals,M 71.2 285.2 L 65.1 273 L 59.6 260.6 L 54.9 247.9 L 53.1 234.5 L 54.9 221 L 60.2 208.5 L 68.3 197.6 L 77.9 188 L 87.4 178.3 L 97.1 168.8 L 107.1 159.6 L 117.2 150.5 L 127.8 141.8 L 138.3 133.3 L 149 124.9 L 160.2 117.3 L 172.1 110.6 L 184.4 104.9 L 197.1 99.9 L 209.9 95.5 L 223.1 92 L 236.4 89.4 L 249.9 87.4 L 263.5 86.5 L 277.1 86 L 290.6 86.5 L 304.2 87.9 L 317.6 90.3 L 330.8 93.2 L 343.9 96.9 L 356.7 101.3 L 369.2 106.8 L 381.3 113 L 393 120 L 404.3 127.4 L 415.4 135.3 L 425.9 143.9 L 436.3 152.7 L 446 162.2 L 455.6 171.8 L 465.3 181.4 L 474.8 191.1 L 484.4 200.7 L 491.8 212 L 496.3 224.9 L 497.1 238.4 L 493.9 251.6,M 275 460 L 71.2 285.2 L 65.1 273 L 59.6 260.6 L 54.9 247.9 L 53.1 234.5 L 54.9 221 L 60.2 208.5 L 68.3 197.6 L 77.9 188 L 87.4 178.3 L 97.1 168.8 L 107.1 159.6 L 117.2 150.5 L 127.8 141.8 L 138.3 133.3 L 149 124.9 L 160.2 117.3 L 172.1 110.6 L 184.4 104.9 L 197.1 99.9 L 209.9 95.5 L 223.1 92 L 236.4 89.4 L 249.9 87.4 L 263.5 86.5 L 277.1 86 L 290.6 86.5 L 304.2 87.9 L 317.6 90.3 L 330.8 93.2 L 343.9 96.9 L 356.7 101.3 L 369.2 106.8 L 381.3 113 L 393 120 L 404.3 127.4 L 415.4 135.3 L 425.9 143.9 L 436.3 152.7 L 446 162.2 L 455.6 171.8 L 465.3 181.4 L 474.8 191.1 L 484.4 200.7 L 491.8 212 L 496.3 224.9 L 497.1 238.4 L 493.9 251.6 Z,71.2,285.2,493.9,251.6,"[{""angle"":-49.39,""dist"":298.4,""x_ft"":-226.5,""y_ft"":194.2},{""angle"":-48.3,""dist"":312.4,""x_ft"":-233.2,""y_ft"":207.8},{""angle"":-47.2,""dist"":326.1,""x_ft"":-239.3,""y_ft"":221.6},{""angle"":-46.06,""dist"":339.7,""x_ft"":-244.6,""y_ft"":235.7},{""angle"":-44.54,""dist"":351.6,""x_ft"":-246.6,""y_ft"":250.6},{""angle"":-42.64,""dist"":360.9,""x_ft"":-244.5,""y_ft"":265.5},{""angle"":-40.51,""dist"":367.5,""x_ft"":-238.7,""y_ft"":279.4},{""angle"":-38.24,""dist"":371.1,""x_ft"":-229.7,""y_ft"":291.5},{""angle"":-35.93,""dist"":373.2,""x_ft"":-219,""y_ft"":302.2},{""angle"":-33.66,""dist"":376,""x_ft"":-208.4,""y_ft"":313},{""angle"":-31.42,""dist"":379.2,""x_ft"":-197.7,""y_ft"":323.6},{""angle"":-29.21,""dist"":382.4,""x_ft"":-186.6,""y_ft"":333.8},{""angle"":-27.01,""dist"":386,""x_ft"":-175.3,""y_ft"":343.9},{""angle"":-24.83,""dist"":389.5,""x_ft"":-163.6,""y_ft"":353.5},{""angle"":-22.71,""dist"":393.5,""x_ft"":-151.9,""y_ft"":363},{""angle"":-20.61,""dist"":397.8,""x_ft"":-140,""y_ft"":372.3},{""angle"":-18.51,""dist"":401.6,""x_ft"":-127.5,""y_ft"":380.8},{""angle"":-16.41,""dist"":404.7,""x_ft"":-114.3,""y_ft"":388.2},{""angle"":-14.32,""dist"":407.2,""x_ft"":-100.7,""y_ft"":394.6},{""angle"":-12.21,""dist"":409.4,""x_ft"":-86.6,""y_ft"":400.1},{""angle"":-10.12,""dist"":411.4,""x_ft"":-72.3,""y_ft"":405},{""angle"":-8.03,""dist"":413,""x_ft"":-57.7,""y_ft"":408.9},{""angle"":-5.95,""dist"":414,""x_ft"":-42.9,""y_ft"":411.8},{""angle"":-3.86,""dist"":414.9,""x_ft"":-27.9,""y_ft"":414},{""angle"":-1.77,""dist"":415.2,""x_ft"":-12.8,""y_ft"":415},{""angle"":0.32,""dist"":415.6,""x_ft"":2.3,""y_ft"":415.6},{""angle"":2.39,""dist"":415.4,""x_ft"":17.3,""y_ft"":415},{""angle"":4.48,""dist"":414.7,""x_ft"":32.4,""y_ft"":413.4},{""angle"":6.57,""dist"":413.5,""x_ft"":47.3,""y_ft"":410.8},{""angle"":8.65,""dist"":412.3,""x_ft"":62,""y_ft"":407.6},{""angle"":10.74,""dist"":410.6,""x_ft"":76.5,""y_ft"":403.4},{""angle"":12.83,""dist"":408.8,""x_ft"":90.8,""y_ft"":398.6},{""angle"":14.94,""dist"":406.2,""x_ft"":104.7,""y_ft"":392.5},{""angle"":17.03,""dist"":403.3,""x_ft"":118.1,""y_ft"":385.6},{""angle"":19.14,""dist"":399.9,""x_ft"":131.1,""y_ft"":377.8},{""angle"":21.25,""dist"":396.6,""x_ft"":143.7,""y_ft"":369.6},{""angle"":23.38,""dist"":393.1,""x_ft"":156,""y_ft"":360.8},{""angle"":25.52,""dist"":389.2,""x_ft"":167.7,""y_ft"":351.2},{""angle"":27.69,""dist"":385.6,""x_ft"":179.2,""y_ft"":341.4},{""angle"":29.86,""dist"":381.6,""x_ft"":190,""y_ft"":330.9},{""angle"":32.08,""dist"":377.9,""x_ft"":200.7,""y_ft"":320.2},{""angle"":34.33,""dist"":374.8,""x_ft"":211.4,""y_ft"":309.5},{""angle"":36.61,""dist"":372.2,""x_ft"":222,""y_ft"":298.8},{""angle"":38.93,""dist"":370.3,""x_ft"":232.7,""y_ft"":288.1},{""angle"":41.17,""dist"":366,""x_ft"":240.9,""y_ft"":275.5},{""angle"":43.27,""dist"":358.7,""x_ft"":245.9,""y_ft"":261.2},{""angle"":45.07,""dist"":348.6,""x_ft"":246.8,""y_ft"":246.2},{""angle"":46.4,""dist"":335.8,""x_ft"":243.2,""y_ft"":231.6}]",Kauffman Stadium,Kansas City,MO
Los Angeles Angels,angels,M 53.2 248.4 L 52.5 235 L 53.9 221.6 L 59.5 209.4 L 68.4 199.3 L 77.5 189.4 L 86.8 179.6 L 96.1 169.8 L 105.4 159.9 L 114.6 150.1 L 123.9 140.2 L 134.2 131.9 L 147.2 128.4 L 160.2 124.9 L 173.3 121.3 L 186.3 117.8 L 199.3 114.2 L 212.4 110.7 L 225.4 107.2 L 238.5 103.7 L 251.4 100.1 L 264.5 96.6 L 277.5 93.1 L 290.4 90.8 L 302.3 97.2 L 314.1 103.6 L 326.1 110 L 338 116.4 L 349.9 122.8 L 361.8 129.2 L 373.6 135.6 L 385.5 141.9 L 397.5 148.3 L 409.4 154.7 L 421.2 161.1 L 433.1 167.5 L 445 174 L 456.9 180.4 L 468.4 187.4 L 478.5 196.3 L 487.5 206.2 L 493.2 218.3 L 496.6 231.4 L 497.7 244.9 L 496.6 258.3 L 493.2 271 L 485.6 282.2,M 275 460 L 53.2 248.4 L 52.5 235 L 53.9 221.6 L 59.5 209.4 L 68.4 199.3 L 77.5 189.4 L 86.8 179.6 L 96.1 169.8 L 105.4 159.9 L 114.6 150.1 L 123.9 140.2 L 134.2 131.9 L 147.2 128.4 L 160.2 124.9 L 173.3 121.3 L 186.3 117.8 L 199.3 114.2 L 212.4 110.7 L 225.4 107.2 L 238.5 103.7 L 251.4 100.1 L 264.5 96.6 L 277.5 93.1 L 290.4 90.8 L 302.3 97.2 L 314.1 103.6 L 326.1 110 L 338 116.4 L 349.9 122.8 L 361.8 129.2 L 373.6 135.6 L 385.5 141.9 L 397.5 148.3 L 409.4 154.7 L 421.2 161.1 L 433.1 167.5 L 445 174 L 456.9 180.4 L 468.4 187.4 L 478.5 196.3 L 487.5 206.2 L 493.2 218.3 L 496.6 231.4 L 497.7 244.9 L 496.6 258.3 L 493.2 271 L 485.6 282.2 Z,53.2,248.4,485.6,282.2,"[{""angle"":-46.34,""dist"":340.6,""x_ft"":-246.4,""y_ft"":235.1},{""angle"":-44.68,""dist"":351.6,""x_ft"":-247.2,""y_ft"":250},{""angle"":-42.85,""dist"":361.3,""x_ft"":-245.7,""y_ft"":264.9},{""angle"":-40.69,""dist"":367.2,""x_ft"":-239.4,""y_ft"":278.4},{""angle"":-38.4,""dist"":369.7,""x_ft"":-229.6,""y_ft"":289.7},{""angle"":-36.12,""dist"":372.2,""x_ft"":-219.4,""y_ft"":300.7},{""angle"":-33.86,""dist"":375.3,""x_ft"":-209.1,""y_ft"":311.6},{""angle"":-31.65,""dist"":378.9,""x_ft"":-198.8,""y_ft"":322.5},{""angle"":-29.47,""dist"":382.9,""x_ft"":-188.4,""y_ft"":333.4},{""angle"":-27.36,""dist"":387.7,""x_ft"":-178.2,""y_ft"":344.3},{""angle"":-25.29,""dist"":393,""x_ft"":-167.9,""y_ft"":355.3},{""angle"":-23.23,""dist"":396.8,""x_ft"":-156.5,""y_ft"":364.6},{""angle"":-21.08,""dist"":394.8,""x_ft"":-142,""y_ft"":368.4},{""angle"":-18.9,""dist"":393.5,""x_ft"":-127.5,""y_ft"":372.3},{""angle"":-16.71,""dist"":392.9,""x_ft"":-113,""y_ft"":376.3},{""angle"":-14.54,""dist"":392.8,""x_ft"":-98.6,""y_ft"":380.2},{""angle"":-12.35,""dist"":393.3,""x_ft"":-84.1,""y_ft"":384.2},{""angle"":-10.17,""dist"":394.3,""x_ft"":-69.6,""y_ft"":388.1},{""angle"":-8,""dist"":395.9,""x_ft"":-55.1,""y_ft"":392},{""angle"":-5.86,""dist"":398,""x_ft"":-40.6,""y_ft"":395.9},{""angle"":-3.75,""dist"":400.8,""x_ft"":-26.2,""y_ft"":399.9},{""angle"":-1.66,""dist"":404,""x_ft"":-11.7,""y_ft"":403.8},{""angle"":0.39,""dist"":407.7,""x_ft"":2.8,""y_ft"":407.7},{""angle"":2.39,""dist"":410.6,""x_ft"":17.1,""y_ft"":410.2},{""angle"":4.3,""dist"":404.2,""x_ft"":30.3,""y_ft"":403.1},{""angle"":6.27,""dist"":398.4,""x_ft"":43.5,""y_ft"":396},{""angle"":8.31,""dist"":393,""x_ft"":56.8,""y_ft"":388.9},{""angle"":10.39,""dist"":388.2,""x_ft"":70,""y_ft"":381.8},{""angle"":12.52,""dist"":383.8,""x_ft"":83.2,""y_ft"":374.7},{""angle"":14.69,""dist"":380,""x_ft"":96.4,""y_ft"":367.6},{""angle"":16.91,""dist"":376.7,""x_ft"":109.6,""y_ft"":360.4},{""angle"":19.16,""dist"":374.1,""x_ft"":122.8,""y_ft"":353.4},{""angle"":21.46,""dist"":372.1,""x_ft"":136.1,""y_ft"":346.3},{""angle"":23.76,""dist"":370.6,""x_ft"":149.3,""y_ft"":339.2},{""angle"":26.07,""dist"":369.7,""x_ft"":162.5,""y_ft"":332.1},{""angle"":28.4,""dist"":369.5,""x_ft"":175.7,""y_ft"":325},{""angle"":30.73,""dist"":369.7,""x_ft"":188.9,""y_ft"":317.8},{""angle"":33.04,""dist"":370.6,""x_ft"":202.1,""y_ft"":310.7},{""angle"":35.35,""dist"":371.4,""x_ft"":214.9,""y_ft"":302.9},{""angle"":37.66,""dist"":370.1,""x_ft"":226.1,""y_ft"":293},{""angle"":39.94,""dist"":367.8,""x_ft"":236.1,""y_ft"":282},{""angle"":42.08,""dist"":361.7,""x_ft"":242.4,""y_ft"":268.5},{""angle"":44.11,""dist"":353.7,""x_ft"":246.2,""y_ft"":254},{""angle"":45.99,""dist"":344,""x_ft"":247.4,""y_ft"":239},{""angle"":47.69,""dist"":332.9,""x_ft"":246.2,""y_ft"":224.1},{""angle"":49.1,""dist"":320.7,""x_ft"":242.4,""y_ft"":210},{""angle"":49.82,""dist"":306.3,""x_ft"":234,""y_ft"":197.6}]",Angel Stadium,Anaheim,CA
Los Angeles Dodgers,dodgers,M 80.1 285.4 L 70.6 276 L 61.2 266.4 L 56.9 255.2 L 58.4 241.8 L 59.7 228.5 L 63.5 215.7 L 69.3 203.7 L 76.6 192.6 L 87.3 184.6 L 98.5 177.2 L 109.7 169.8 L 120.9 162.5 L 132.1 155.1 L 143.4 148 L 155 141.3 L 166.8 134.9 L 178.7 128.8 L 190.8 123 L 203.3 118 L 215.6 113 L 228.3 108.6 L 241.1 104.6 L 254.2 102.1 L 267.5 100.9 L 280.9 100.8 L 294.3 101.8 L 307.5 104 L 320.3 107.9 L 333 112.1 L 345.4 117.3 L 357.8 122.3 L 370 127.9 L 381.9 134 L 393.7 140.3 L 405.3 147 L 416.8 153.9 L 427.9 161.3 L 439.1 168.7 L 450.2 176.1 L 461.4 183.5 L 472.5 191.1 L 480.3 201.9 L 486.4 213.8 L 490.6 226.4 L 492 239.8 L 493.4 253.1,M 275 460 L 80.1 285.4 L 70.6 276 L 61.2 266.4 L 56.9 255.2 L 58.4 241.8 L 59.7 228.5 L 63.5 215.7 L 69.3 203.7 L 76.6 192.6 L 87.3 184.6 L 98.5 177.2 L 109.7 169.8 L 120.9 162.5 L 132.1 155.1 L 143.4 148 L 155 141.3 L 166.8 134.9 L 178.7 128.8 L 190.8 123 L 203.3 118 L 215.6 113 L 228.3 108.6 L 241.1 104.6 L 254.2 102.1 L 267.5 100.9 L 280.9 100.8 L 294.3 101.8 L 307.5 104 L 320.3 107.9 L 333 112.1 L 345.4 117.3 L 357.8 122.3 L 370 127.9 L 381.9 134 L 393.7 140.3 L 405.3 147 L 416.8 153.9 L 427.9 161.3 L 439.1 168.7 L 450.2 176.1 L 461.4 183.5 L 472.5 191.1 L 480.3 201.9 L 486.4 213.8 L 490.6 226.4 L 492 239.8 L 493.4 253.1 Z,80.1,285.4,493.4,253.1,"[{""angle"":-48.15,""dist"":290.8,""x_ft"":-216.6,""y_ft"":194},{""angle"":-48,""dist"":305.6,""x_ft"":-227.1,""y_ft"":204.5},{""angle"":-47.85,""dist"":320.5,""x_ft"":-237.6,""y_ft"":215.1},{""angle"":-46.79,""dist"":332.4,""x_ft"":-242.3,""y_ft"":227.6},{""angle"":-44.8,""dist"":341.6,""x_ft"":-240.7,""y_ft"":242.4},{""angle"":-42.92,""dist"":351.2,""x_ft"":-239.2,""y_ft"":257.2},{""angle"":-40.89,""dist"":359,""x_ft"":-235,""y_ft"":271.4},{""angle"":-38.75,""dist"":365.2,""x_ft"":-228.6,""y_ft"":284.8},{""angle"":-36.57,""dist"":369.9,""x_ft"":-220.4,""y_ft"":297.1},{""angle"":-34.27,""dist"":370.3,""x_ft"":-208.5,""y_ft"":306},{""angle"":-31.97,""dist"":370.4,""x_ft"":-196.1,""y_ft"":314.2},{""angle"":-29.67,""dist"":371.1,""x_ft"":-183.7,""y_ft"":322.4},{""angle"":-27.38,""dist"":372.3,""x_ft"":-171.2,""y_ft"":330.6},{""angle"":-25.11,""dist"":374.2,""x_ft"":-158.8,""y_ft"":338.8},{""angle"":-22.86,""dist"":376.3,""x_ft"":-146.2,""y_ft"":346.7},{""angle"":-20.63,""dist"":378.4,""x_ft"":-133.3,""y_ft"":354.1},{""angle"":-18.41,""dist"":380.7,""x_ft"":-120.2,""y_ft"":361.2},{""angle"":-16.21,""dist"":383.2,""x_ft"":-107,""y_ft"":368},{""angle"":-14.02,""dist"":385.9,""x_ft"":-93.5,""y_ft"":374.4},{""angle"":-11.85,""dist"":388.3,""x_ft"":-79.7,""y_ft"":380},{""angle"":-9.71,""dist"":391.2,""x_ft"":-66,""y_ft"":385.6},{""angle"":-7.57,""dist"":393.8,""x_ft"":-51.9,""y_ft"":390.4},{""angle"":-5.45,""dist"":396.7,""x_ft"":-37.7,""y_ft"":394.9},{""angle"":-3.32,""dist"":398.4,""x_ft"":-23.1,""y_ft"":397.7},{""angle"":-1.19,""dist"":399.1,""x_ft"":-8.3,""y_ft"":399},{""angle"":0.95,""dist"":399.2,""x_ft"":6.6,""y_ft"":399.1},{""angle"":3.08,""dist"":398.6,""x_ft"":21.4,""y_ft"":398},{""angle"":5.21,""dist"":397.2,""x_ft"":36.1,""y_ft"":395.6},{""angle"":7.33,""dist"":394.4,""x_ft"":50.3,""y_ft"":391.2},{""angle"":9.46,""dist"":391.8,""x_ft"":64.4,""y_ft"":386.5},{""angle"":11.6,""dist"":388.7,""x_ft"":78.2,""y_ft"":380.8},{""angle"":13.78,""dist"":386.3,""x_ft"":92,""y_ft"":375.2},{""angle"":15.96,""dist"":383.8,""x_ft"":105.5,""y_ft"":369},{""angle"":18.16,""dist"":381.2,""x_ft"":118.8,""y_ft"":362.2},{""angle"":20.37,""dist"":378.9,""x_ft"":131.9,""y_ft"":355.2},{""angle"":22.6,""dist"":376.7,""x_ft"":144.8,""y_ft"":347.8},{""angle"":24.85,""dist"":374.8,""x_ft"":157.5,""y_ft"":340.1},{""angle"":27.11,""dist"":372.9,""x_ft"":169.9,""y_ft"":331.9},{""angle"":29.39,""dist"":371.5,""x_ft"":182.3,""y_ft"":323.7},{""angle"":31.69,""dist"":370.7,""x_ft"":194.7,""y_ft"":315.4},{""angle"":33.99,""dist"":370.5,""x_ft"":207.1,""y_ft"":307.2},{""angle"":36.29,""dist"":370.7,""x_ft"":219.4,""y_ft"":298.8},{""angle"":38.5,""dist"":366.4,""x_ft"":228.1,""y_ft"":286.8},{""angle"":40.65,""dist"":360.6,""x_ft"":234.9,""y_ft"":273.6},{""angle"":42.7,""dist"":353.1,""x_ft"":239.5,""y_ft"":259.5},{""angle"":44.58,""dist"":343.5,""x_ft"":241.1,""y_ft"":244.7},{""angle"":46.55,""dist"":334.3,""x_ft"":242.7,""y_ft"":229.9}]",UNIQLO Field at Dodger Stadium,Los Angeles,CA
Miami Marlins,marlins,M 80.2 295.8 L 72 285.6 L 63.9 275.2 L 55.8 264.9 L 48.8 254.3 L 54.4 242.6 L 61.2 231.3 L 68.3 220.2 L 76.2 209.7 L 84.4 199.4 L 92.6 189.2 L 101.9 179.9 L 111.3 170.7 L 121.4 162.4 L 131.5 153.9 L 142 146 L 152.8 138.4 L 163.6 131 L 173.3 122.5 L 185.4 117.1 L 197.7 112.8 L 209.6 107.1 L 220 99.2 L 227.9 88.8 L 236.8 80 L 249.9 79.6 L 263 80.2 L 276.1 81.5 L 289.1 83.1 L 302.1 85.4 L 315 88.1 L 327.6 91.7 L 340 95.9 L 352.1 101.1 L 363.8 106.9 L 375.4 113.1 L 386.9 119.6 L 397.1 127.8 L 406.9 136.5 L 415.5 146.5 L 423.6 156.9 L 431.7 167.2 L 439.7 177.6 L 447.7 188 L 455.9 198.4 L 464 208.6 L 472.2 219 L 480.2 229.3 L 488.2 239.9 L 496.3 250.1,M 275 460 L 80.2 295.8 L 72 285.6 L 63.9 275.2 L 55.8 264.9 L 48.8 254.3 L 54.4 242.6 L 61.2 231.3 L 68.3 220.2 L 76.2 209.7 L 84.4 199.4 L 92.6 189.2 L 101.9 179.9 L 111.3 170.7 L 121.4 162.4 L 131.5 153.9 L 142 146 L 152.8 138.4 L 163.6 131 L 173.3 122.5 L 185.4 117.1 L 197.7 112.8 L 209.6 107.1 L 220 99.2 L 227.9 88.8 L 236.8 80 L 249.9 79.6 L 263 80.2 L 276.1 81.5 L 289.1 83.1 L 302.1 85.4 L 315 88.1 L 327.6 91.7 L 340 95.9 L 352.1 101.1 L 363.8 106.9 L 375.4 113.1 L 386.9 119.6 L 397.1 127.8 L 406.9 136.5 L 415.5 146.5 L 423.6 156.9 L 431.7 167.2 L 439.7 177.6 L 447.7 188 L 455.9 198.4 L 464 208.6 L 472.2 219 L 480.2 229.3 L 488.2 239.9 L 496.3 250.1 Z,80.2,295.8,496.3,250.1,"[{""angle"":-49.89,""dist"":283.1,""x_ft"":-216.5,""y_ft"":182.4},{""angle"":-49.32,""dist"":297.3,""x_ft"":-225.5,""y_ft"":193.8},{""angle"":-48.81,""dist"":311.7,""x_ft"":-234.6,""y_ft"":205.3},{""angle"":-48.33,""dist"":326.1,""x_ft"":-243.6,""y_ft"":216.8},{""angle"":-47.72,""dist"":339.7,""x_ft"":-251.3,""y_ft"":228.5},{""angle"":-45.41,""dist"":344.2,""x_ft"":-245.1,""y_ft"":241.6},{""angle"":-43.07,""dist"":347.8,""x_ft"":-237.5,""y_ft"":254.1},{""angle"":-40.76,""dist"":351.8,""x_ft"":-229.7,""y_ft"":266.5},{""angle"":-38.46,""dist"":355.2,""x_ft"":-220.9,""y_ft"":278.1},{""angle"":-36.19,""dist"":358.7,""x_ft"":-211.8,""y_ft"":289.5},{""angle"":-33.97,""dist"":362.8,""x_ft"":-202.7,""y_ft"":300.9},{""angle"":-31.71,""dist"":365.8,""x_ft"":-192.3,""y_ft"":311.2},{""angle"":-29.51,""dist"":369.3,""x_ft"":-181.9,""y_ft"":321.4},{""angle"":-27.3,""dist"":372.2,""x_ft"":-170.7,""y_ft"":330.7},{""angle"":-25.11,""dist"":375.6,""x_ft"":-159.4,""y_ft"":340.1},{""angle"":-22.96,""dist"":378.9,""x_ft"":-147.8,""y_ft"":348.9},{""angle"":-20.81,""dist"":382.2,""x_ft"":-135.8,""y_ft"":357.3},{""angle"":-18.71,""dist"":386,""x_ft"":-123.8,""y_ft"":365.6},{""angle"":-16.77,""dist"":391.7,""x_ft"":-113,""y_ft"":375},{""angle"":-14.65,""dist"":393.8,""x_ft"":-99.6,""y_ft"":381},{""angle"":-12.55,""dist"":395.2,""x_ft"":-85.9,""y_ft"":385.8},{""angle"":-10.5,""dist"":398.8,""x_ft"":-72.7,""y_ft"":392.1},{""angle"":-8.67,""dist"":405.5,""x_ft"":-61.1,""y_ft"":400.9},{""angle"":-7.23,""dist"":415.7,""x_ft"":-52.3,""y_ft"":412.4},{""angle"":-5.75,""dist"":424.3,""x_ft"":-42.5,""y_ft"":422.2},{""angle"":-3.78,""dist"":423.6,""x_ft"":-27.9,""y_ft"":422.7},{""angle"":-1.81,""dist"":422.2,""x_ft"":-13.3,""y_ft"":422},{""angle"":0.16,""dist"":420.6,""x_ft"":1.2,""y_ft"":420.6},{""angle"":2.15,""dist"":419.1,""x_ft"":15.7,""y_ft"":418.8},{""angle"":4.14,""dist"":417.3,""x_ft"":30.1,""y_ft"":416.2},{""angle"":6.13,""dist"":415.6,""x_ft"":44.4,""y_ft"":413.2},{""angle"":8.12,""dist"":413.3,""x_ft"":58.4,""y_ft"":409.2},{""angle"":10.12,""dist"":410.9,""x_ft"":72.2,""y_ft"":404.5},{""angle"":12.13,""dist"":407.9,""x_ft"":85.7,""y_ft"":398.8},{""angle"":14.12,""dist"":404.5,""x_ft"":98.7,""y_ft"":392.3},{""angle"":16.15,""dist"":401.3,""x_ft"":111.6,""y_ft"":385.5},{""angle"":18.19,""dist"":398.1,""x_ft"":124.3,""y_ft"":378.2},{""angle"":20.19,""dist"":393.3,""x_ft"":135.7,""y_ft"":369.1},{""angle"":22.19,""dist"":388.1,""x_ft"":146.6,""y_ft"":359.4},{""angle"":24.14,""dist"":381.7,""x_ft"":156.1,""y_ft"":348.3},{""angle"":26.11,""dist"":375.1,""x_ft"":165.1,""y_ft"":336.8},{""angle"":28.16,""dist"":369,""x_ft"":174.1,""y_ft"":325.3},{""angle"":30.25,""dist"":363.3,""x_ft"":183,""y_ft"":313.8},{""angle"":32.42,""dist"":358,""x_ft"":191.9,""y_ft"":302.2},{""angle"":34.66,""dist"":353.4,""x_ft"":201,""y_ft"":290.7},{""angle"":36.94,""dist"":349.4,""x_ft"":210,""y_ft"":279.3},{""angle"":39.29,""dist"":346,""x_ft"":219.1,""y_ft"":267.8},{""angle"":41.66,""dist"":343,""x_ft"":228,""y_ft"":256.3},{""angle"":44.08,""dist"":340.5,""x_ft"":236.9,""y_ft"":244.6},{""angle"":46.52,""dist"":338.9,""x_ft"":245.9,""y_ft"":233.2}]",loanDepot park,Miami,FL
Milwaukee Brewers,brewers,M 45.4 251.5 L 51.7 239.9 L 56.5 227.5 L 61.3 215.2 L 70.6 205.8 L 80 196.4 L 89.3 186.9 L 98.7 177.6 L 108.1 168.3 L 120.3 162.9 L 132.3 157.4 L 144.4 152 L 156.6 146.5 L 168.6 141.1 L 180.8 135.6 L 192.8 130.2 L 204.9 124.8 L 211 118.4 L 222.1 105.5 L 233.2 99 L 246.5 99 L 259.8 99 L 273 99 L 286.2 99 L 299.6 99 L 312.8 99 L 324 103.8 L 331.8 114.4 L 343 121.1 L 355.2 126.4 L 367.4 131.6 L 379.6 136.9 L 391.7 142.1 L 403.8 147.5 L 413.9 156.2 L 423.9 164.9 L 432.2 174.3 L 434.3 186.7 L 444.2 195.5 L 454.1 204.3 L 464 213.2 L 473.9 222 L 483.8 230.9 L 493.7 239.7 L 503 249 L 496.1 258.7 L 486.9 268.2 L 477.7 277.8 L 468.4 287.2,M 275 460 L 45.4 251.5 L 51.7 239.9 L 56.5 227.5 L 61.3 215.2 L 70.6 205.8 L 80 196.4 L 89.3 186.9 L 98.7 177.6 L 108.1 168.3 L 120.3 162.9 L 132.3 157.4 L 144.4 152 L 156.6 146.5 L 168.6 141.1 L 180.8 135.6 L 192.8 130.2 L 204.9 124.8 L 211 118.4 L 222.1 105.5 L 233.2 99 L 246.5 99 L 259.8 99 L 273 99 L 286.2 99 L 299.6 99 L 312.8 99 L 324 103.8 L 331.8 114.4 L 343 121.1 L 355.2 126.4 L 367.4 131.6 L 379.6 136.9 L 391.7 142.1 L 403.8 147.5 L 413.9 156.2 L 423.9 164.9 L 432.2 174.3 L 434.3 186.7 L 444.2 195.5 L 454.1 204.3 L 464 213.2 L 473.9 222 L 483.8 230.9 L 493.7 239.7 L 503 249 L 496.1 258.7 L 486.9 268.2 L 477.7 277.8 L 468.4 287.2 Z,45.4,251.5,468.4,287.2,"[{""angle"":-47.75,""dist"":344.6,""x_ft"":-255.1,""y_ft"":231.7},{""angle"":-45.42,""dist"":348.3,""x_ft"":-248.1,""y_ft"":244.5},{""angle"":-43.23,""dist"":354.5,""x_ft"":-242.8,""y_ft"":258.3},{""angle"":-41.11,""dist"":361,""x_ft"":-237.4,""y_ft"":272},{""angle"":-38.8,""dist"":362.5,""x_ft"":-227.1,""y_ft"":282.5},{""angle"":-36.5,""dist"":364.3,""x_ft"":-216.7,""y_ft"":292.9},{""angle"":-34.21,""dist"":366.9,""x_ft"":-206.3,""y_ft"":303.4},{""angle"":-31.98,""dist"":369.9,""x_ft"":-195.9,""y_ft"":313.8},{""angle"":-29.77,""dist"":373.4,""x_ft"":-185.4,""y_ft"":324.1},{""angle"":-27.51,""dist"":372.2,""x_ft"":-171.9,""y_ft"":330.1},{""angle"":-25.24,""dist"":371.7,""x_ft"":-158.5,""y_ft"":336.2},{""angle"":-22.98,""dist"":371.7,""x_ft"":-145.1,""y_ft"":342.2},{""angle"":-20.7,""dist"":372.3,""x_ft"":-131.6,""y_ft"":348.3},{""angle"":-18.45,""dist"":373.5,""x_ft"":-118.2,""y_ft"":354.3},{""angle"":-16.2,""dist"":375.3,""x_ft"":-104.7,""y_ft"":360.4},{""angle"":-13.99,""dist"":377.6,""x_ft"":-91.3,""y_ft"":366.4},{""angle"":-11.81,""dist"":380.6,""x_ft"":-77.9,""y_ft"":372.5},{""angle"":-10.61,""dist"":386.1,""x_ft"":-71.1,""y_ft"":379.5},{""angle"":-8.49,""dist"":398.3,""x_ft"":-58.8,""y_ft"":393.9},{""angle"":-6.6,""dist"":403.8,""x_ft"":-46.4,""y_ft"":401.1},{""angle"":-4.52,""dist"":402.4,""x_ft"":-31.7,""y_ft"":401.1},{""angle"":-2.41,""dist"":401.5,""x_ft"":-16.9,""y_ft"":401.1},{""angle"":-0.31,""dist"":401.1,""x_ft"":-2.2,""y_ft"":401.1},{""angle"":1.79,""dist"":401.3,""x_ft"":12.5,""y_ft"":401.1},{""angle"":3.89,""dist"":402,""x_ft"":27.3,""y_ft"":401.1},{""angle"":5.98,""dist"":403.3,""x_ft"":42,""y_ft"":401.1},{""angle"":7.83,""dist"":399.5,""x_ft"":54.4,""y_ft"":395.8},{""angle"":9.33,""dist"":389.1,""x_ft"":63.1,""y_ft"":384},{""angle"":11.35,""dist"":384,""x_ft"":75.6,""y_ft"":376.5},{""angle"":13.52,""dist"":381.3,""x_ft"":89.1,""y_ft"":370.7},{""angle"":15.72,""dist"":379.1,""x_ft"":102.7,""y_ft"":364.9},{""angle"":17.94,""dist"":377.3,""x_ft"":116.2,""y_ft"":359},{""angle"":20.16,""dist"":376.3,""x_ft"":129.7,""y_ft"":353.2},{""angle"":22.4,""dist"":375.5,""x_ft"":143.1,""y_ft"":347.2},{""angle"":24.57,""dist"":371.1,""x_ft"":154.3,""y_ft"":337.5},{""angle"":26.77,""dist"":367.3,""x_ft"":165.4,""y_ft"":327.9},{""angle"":28.83,""dist"":362.3,""x_ft"":174.7,""y_ft"":317.4},{""angle"":30.23,""dist"":351.5,""x_ft"":177,""y_ft"":303.7},{""angle"":32.61,""dist"":348.9,""x_ft"":188,""y_ft"":293.9},{""angle"":35.01,""dist"":346.9,""x_ft"":199,""y_ft"":284.1},{""angle"":37.45,""dist"":345.4,""x_ft"":210,""y_ft"":274.2},{""angle"":39.89,""dist"":344.6,""x_ft"":221,""y_ft"":264.4},{""angle"":42.34,""dist"":344.4,""x_ft"":232,""y_ft"":254.6},{""angle"":44.79,""dist"":344.9,""x_ft"":243,""y_ft"":244.8},{""angle"":47.22,""dist"":345.1,""x_ft"":253.3,""y_ft"":234.4},{""angle"":47.68,""dist"":332.3,""x_ft"":245.7,""y_ft"":223.7},{""angle"":47.85,""dist"":317.5,""x_ft"":235.4,""y_ft"":213.1},{""angle"":48.04,""dist"":302.9,""x_ft"":225.2,""y_ft"":202.5},{""angle"":48.22,""dist"":288.2,""x_ft"":214.9,""y_ft"":192}]",American Family Field,Milwaukee,WI
Minnesota Twins,twins,M 81.6 291.9 L 73.2 282.2 L 64.1 272.8 L 55.1 263.5 L 47.7 254.1 L 56.1 244.3 L 64.8 234.5 L 73.2 224.7 L 81.9 214.9 L 90.3 205.1 L 98.9 195.3 L 107.4 185.5 L 116.1 175.8 L 124.6 166 L 133.2 156.2 L 142.2 146.9 L 153.1 140 L 164.3 133.3 L 175.4 126.6 L 186.5 119.8 L 197.7 113.1 L 208.8 106.4 L 220 99.7 L 231.3 93.6 L 244.2 93.1 L 257.2 94.1 L 270.1 95 L 283.1 95.9 L 296.1 96.8 L 309 97.8 L 320.8 102.2 L 331.7 109.4 L 342.6 116.6 L 353.4 123.7 L 364.3 130.9 L 375.2 138 L 386 145.2 L 396.9 152.2 L 407.8 159.5 L 417 168.3 L 420.3 180.1 L 426 190.7 L 435.3 199.8 L 444.5 209 L 453.6 218.3 L 462.8 227.4 L 473 235.3 L 481.6 245.1 L 490 254.9,M 275 460 L 81.6 291.9 L 73.2 282.2 L 64.1 272.8 L 55.1 263.5 L 47.7 254.1 L 56.1 244.3 L 64.8 234.5 L 73.2 224.7 L 81.9 214.9 L 90.3 205.1 L 98.9 195.3 L 107.4 185.5 L 116.1 175.8 L 124.6 166 L 133.2 156.2 L 142.2 146.9 L 153.1 140 L 164.3 133.3 L 175.4 126.6 L 186.5 119.8 L 197.7 113.1 L 208.8 106.4 L 220 99.7 L 231.3 93.6 L 244.2 93.1 L 257.2 94.1 L 270.1 95 L 283.1 95.9 L 296.1 96.8 L 309 97.8 L 320.8 102.2 L 331.7 109.4 L 342.6 116.6 L 353.4 123.7 L 364.3 130.9 L 375.2 138 L 386 145.2 L 396.9 152.2 L 407.8 159.5 L 417 168.3 L 420.3 180.1 L 426 190.7 L 435.3 199.8 L 444.5 209 L 453.6 218.3 L 462.8 227.4 L 473 235.3 L 481.6 245.1 L 490 254.9 Z,81.6,291.9,490,254.9,"[{""angle"":-49,""dist"":284.7,""x_ft"":-214.9,""y_ft"":186.8},{""angle"":-48.61,""dist"":298.9,""x_ft"":-224.2,""y_ft"":197.6},{""angle"":-48.4,""dist"":313.3,""x_ft"":-234.3,""y_ft"":208},{""angle"":-48.22,""dist"":327.6,""x_ft"":-244.3,""y_ft"":218.3},{""angle"":-47.83,""dist"":340.8,""x_ft"":-252.6,""y_ft"":228.8},{""angle"":-45.42,""dist"":341.5,""x_ft"":-243.2,""y_ft"":239.7},{""angle"":-43,""dist"":342.5,""x_ft"":-233.6,""y_ft"":250.5},{""angle"":-40.62,""dist"":344.4,""x_ft"":-224.2,""y_ft"":261.4},{""angle"":-38.24,""dist"":346.7,""x_ft"":-214.6,""y_ft"":272.3},{""angle"":-35.93,""dist"":349.7,""x_ft"":-205.2,""y_ft"":283.2},{""angle"":-33.64,""dist"":353.3,""x_ft"":-195.7,""y_ft"":294.1},{""angle"":-31.4,""dist"":357.3,""x_ft"":-186.2,""y_ft"":305},{""angle"":-29.21,""dist"":361.8,""x_ft"":-176.6,""y_ft"":315.8},{""angle"":-27.09,""dist"":367,""x_ft"":-167.1,""y_ft"":326.7},{""angle"":-25.03,""dist"":372.5,""x_ft"":-157.6,""y_ft"":337.5},{""angle"":-22.99,""dist"":377.9,""x_ft"":-147.6,""y_ft"":347.9},{""angle"":-20.85,""dist"":380.5,""x_ft"":-135.4,""y_ft"":355.6},{""angle"":-18.72,""dist"":383.3,""x_ft"":-123,""y_ft"":363},{""angle"":-16.64,""dist"":386.7,""x_ft"":-110.7,""y_ft"":370.5},{""angle"":-14.58,""dist"":390.6,""x_ft"":-98.3,""y_ft"":378},{""angle"":-12.57,""dist"":394.9,""x_ft"":-85.9,""y_ft"":385.4},{""angle"":-10.6,""dist"":399.7,""x_ft"":-73.5,""y_ft"":392.9},{""angle"":-8.68,""dist"":404.9,""x_ft"":-61.1,""y_ft"":400.3},{""angle"":-6.79,""dist"":410,""x_ft"":-48.5,""y_ft"":407.1},{""angle"":-4.8,""dist"":409.1,""x_ft"":-34.2,""y_ft"":407.7},{""angle"":-2.79,""dist"":407.1,""x_ft"":-19.8,""y_ft"":406.6},{""angle"":-0.76,""dist"":405.6,""x_ft"":-5.4,""y_ft"":405.6},{""angle"":1.27,""dist"":404.6,""x_ft"":9,""y_ft"":404.5},{""angle"":3.32,""dist"":404.2,""x_ft"":23.4,""y_ft"":403.5},{""angle"":5.37,""dist"":404.2,""x_ft"":37.8,""y_ft"":402.4},{""angle"":7.3,""dist"":400.7,""x_ft"":50.9,""y_ft"":397.5},{""angle"":9.19,""dist"":394.6,""x_ft"":63,""y_ft"":389.5},{""angle"":11.13,""dist"":388.9,""x_ft"":75.1,""y_ft"":381.6},{""angle"":13.12,""dist"":383.7,""x_ft"":87.1,""y_ft"":373.7},{""angle"":15.18,""dist"":378.9,""x_ft"":99.2,""y_ft"":365.7},{""angle"":17.28,""dist"":374.7,""x_ft"":111.3,""y_ft"":357.8},{""angle"":19.42,""dist"":370.9,""x_ft"":123.3,""y_ft"":349.8},{""angle"":21.6,""dist"":367.8,""x_ft"":135.4,""y_ft"":342},{""angle"":23.83,""dist"":365,""x_ft"":147.5,""y_ft"":333.9},{""angle"":25.96,""dist"":360.5,""x_ft"":157.8,""y_ft"":324.1},{""angle"":27.43,""dist"":350.4,""x_ft"":161.4,""y_ft"":311},{""angle"":29.28,""dist"":343,""x_ft"":167.8,""y_ft"":299.2},{""angle"":31.64,""dist"":339.6,""x_ft"":178.1,""y_ft"":289.1},{""angle"":34.03,""dist"":336.5,""x_ft"":188.3,""y_ft"":278.9},{""angle"":36.47,""dist"":334,""x_ft"":198.5,""y_ft"":268.6},{""angle"":38.93,""dist"":332.2,""x_ft"":208.7,""y_ft"":258.4},{""angle"":41.38,""dist"":332.8,""x_ft"":220,""y_ft"":249.7},{""angle"":43.86,""dist"":331.2,""x_ft"":229.5,""y_ft"":238.8},{""angle"":46.35,""dist"":330.2,""x_ft"":238.9,""y_ft"":227.9}]",Target Field,Minneapolis,MN
New York Mets,mets,M 85 284.1 L 75.7 274.8 L 66.4 265.5 L 57 256.1 L 52 245.3 L 57.7 233.5 L 63.4 221.5 L 69.1 209.6 L 79.2 201.3 L 90 193.6 L 100.7 185.9 L 111.5 178.4 L 122.5 171.1 L 133.5 163.8 L 144.4 156.4 L 155.4 149.1 L 166.5 141.8 L 177.4 134.5 L 188.1 126.7 L 198.8 119 L 209.4 111.2 L 220.1 103.3 L 230.7 95.5 L 241.3 87.7 L 254.1 85.2 L 267.3 85.2 L 280.5 85.1 L 293.7 85.1 L 306.1 88.8 L 317.4 95.7 L 328.6 102.6 L 339.8 109.5 L 351 116.6 L 362.2 123.5 L 373.4 130.5 L 384.6 137.5 L 395.9 144.5 L 407.6 150.4 L 420.4 153.6 L 433.1 156.9 L 443.4 164.4 L 451 175.2 L 458.5 186.1 L 466 196.9 L 473.5 207.8 L 477.5 220.2 L 481.4 232.6 L 489 243.4 L 493.2 253.8,M 275 460 L 85 284.1 L 75.7 274.8 L 66.4 265.5 L 57 256.1 L 52 245.3 L 57.7 233.5 L 63.4 221.5 L 69.1 209.6 L 79.2 201.3 L 90 193.6 L 100.7 185.9 L 111.5 178.4 L 122.5 171.1 L 133.5 163.8 L 144.4 156.4 L 155.4 149.1 L 166.5 141.8 L 177.4 134.5 L 188.1 126.7 L 198.8 119 L 209.4 111.2 L 220.1 103.3 L 230.7 95.5 L 241.3 87.7 L 254.1 85.2 L 267.3 85.2 L 280.5 85.1 L 293.7 85.1 L 306.1 88.8 L 317.4 95.7 L 328.6 102.6 L 339.8 109.5 L 351 116.6 L 362.2 123.5 L 373.4 130.5 L 384.6 137.5 L 395.9 144.5 L 407.6 150.4 L 420.4 153.6 L 433.1 156.9 L 443.4 164.4 L 451 175.2 L 458.5 186.1 L 466 196.9 L 473.5 207.8 L 477.5 220.2 L 481.4 232.6 L 489 243.4 L 493.2 253.8 Z,85,284.1,493.2,253.8,"[{""angle"":-47.21,""dist"":287.7,""x_ft"":-211.1,""y_ft"":195.4},{""angle"":-47.09,""dist"":302.3,""x_ft"":-221.4,""y_ft"":205.8},{""angle"":-47.01,""dist"":316.9,""x_ft"":-231.8,""y_ft"":216.1},{""angle"":-46.92,""dist"":331.6,""x_ft"":-242.2,""y_ft"":226.5},{""angle"":-46.1,""dist"":343.9,""x_ft"":-247.8,""y_ft"":238.5},{""angle"":-43.82,""dist"":348.8,""x_ft"":-241.5,""y_ft"":251.7},{""angle"":-41.58,""dist"":354.3,""x_ft"":-235.1,""y_ft"":265},{""angle"":-39.43,""dist"":360.2,""x_ft"":-228.8,""y_ft"":278.2},{""angle"":-37.13,""dist"":360.5,""x_ft"":-217.6,""y_ft"":287.4},{""angle"":-34.78,""dist"":360.4,""x_ft"":-205.6,""y_ft"":296},{""angle"":-32.46,""dist"":360.9,""x_ft"":-193.7,""y_ft"":304.5},{""angle"":-30.14,""dist"":361.8,""x_ft"":-181.7,""y_ft"":312.9},{""angle"":-27.82,""dist"":363,""x_ft"":-169.4,""y_ft"":321},{""angle"":-25.53,""dist"":364.7,""x_ft"":-157.2,""y_ft"":329.1},{""angle"":-23.28,""dist"":367.2,""x_ft"":-145.1,""y_ft"":337.3},{""angle"":-21.05,""dist"":370.1,""x_ft"":-132.9,""y_ft"":345.4},{""angle"":-18.84,""dist"":373.5,""x_ft"":-120.6,""y_ft"":353.5},{""angle"":-16.68,""dist"":377.6,""x_ft"":-108.4,""y_ft"":361.7},{""angle"":-14.61,""dist"":382.7,""x_ft"":-96.5,""y_ft"":370.3},{""angle"":-12.6,""dist"":388.3,""x_ft"":-84.7,""y_ft"":378.9},{""angle"":-10.65,""dist"":394.4,""x_ft"":-72.9,""y_ft"":387.6},{""angle"":-8.75,""dist"":401,""x_ft"":-61,""y_ft"":396.3},{""angle"":-6.93,""dist"":408,""x_ft"":-49.2,""y_ft"":405},{""angle"":-5.17,""dist"":415.4,""x_ft"":-37.4,""y_ft"":413.7},{""angle"":-3.19,""dist"":417,""x_ft"":-23.2,""y_ft"":416.4},{""angle"":-1.18,""dist"":416.5,""x_ft"":-8.6,""y_ft"":416.4},{""angle"":0.84,""dist"":416.5,""x_ft"":6.1,""y_ft"":416.5},{""angle"":2.86,""dist"":417.1,""x_ft"":20.8,""y_ft"":416.6},{""angle"":4.79,""dist"":413.9,""x_ft"":34.6,""y_ft"":412.5},{""angle"":6.64,""dist"":407.5,""x_ft"":47.1,""y_ft"":404.8},{""angle"":8.52,""dist"":401.5,""x_ft"":59.5,""y_ft"":397.1},{""angle"":10.48,""dist"":396,""x_ft"":72,""y_ft"":389.4},{""angle"":12.49,""dist"":390.8,""x_ft"":84.5,""y_ft"":381.6},{""angle"":14.53,""dist"":386.3,""x_ft"":96.9,""y_ft"":373.9},{""angle"":16.62,""dist"":382.1,""x_ft"":109.3,""y_ft"":366.1},{""angle"":18.77,""dist"":378.4,""x_ft"":121.8,""y_ft"":358.3},{""angle"":20.96,""dist"":375.4,""x_ft"":134.3,""y_ft"":350.6},{""angle"":23.18,""dist"":374.2,""x_ft"":147.3,""y_ft"":344},{""angle"":25.38,""dist"":376.8,""x_ft"":161.5,""y_ft"":340.4},{""angle"":27.55,""dist"":379.9,""x_ft"":175.7,""y_ft"":336.8},{""angle"":29.67,""dist"":378,""x_ft"":187.1,""y_ft"":328.4},{""angle"":31.71,""dist"":371.9,""x_ft"":195.5,""y_ft"":316.4},{""angle"":33.82,""dist"":366.3,""x_ft"":203.9,""y_ft"":304.3},{""angle"":35.98,""dist"":361.2,""x_ft"":212.2,""y_ft"":292.3},{""angle"":38.2,""dist"":356.6,""x_ft"":220.5,""y_ft"":280.2},{""angle"":40.18,""dist"":348.7,""x_ft"":225,""y_ft"":266.4},{""angle"":42.22,""dist"":341.2,""x_ft"":229.3,""y_ft"":252.7},{""angle"":44.65,""dist"":338.4,""x_ft"":237.8,""y_ft"":240.7},{""angle"":46.63,""dist"":333.6,""x_ft"":242.5,""y_ft"":229.1}]",Citi Field,Flushing,NY
New York Yankees,yankees,M 86.3 291.5 L 76.6 282.5 L 66.3 270.1 L 60.3 256.8 L 59.5 248.1 L 61.2 235 L 64.2 222.2 L 68.8 209.8 L 75.1 198.2 L 83 187.7 L 91.9 177.8 L 101.4 168.5 L 110.8 159.2 L 119.9 149.8 L 129.3 140.3 L 138.7 131.1 L 148.3 122 L 158.3 113.3 L 168.7 105.2 L 179.7 97.9 L 191.3 91.5 L 203.4 86.3 L 216 82.2 L 228.8 79 L 241.9 77.1 L 255.1 76.1 L 268.3 76 L 281.5 77.1 L 294.5 79.2 L 307.3 82.4 L 319.8 86.8 L 331.6 92.3 L 342.8 99.1 L 353.3 106.9 L 363.5 115.6 L 373.3 124.8 L 382.7 134.4 L 392 144.1 L 401 153.7 L 410 163.1 L 419.3 172.4 L 428.6 181.7 L 438 191.1 L 447.3 200.4 L 456.6 209.8 L 465.9 219.2 L 474.9 229 L 482.2 240 L 487 252.2 L 488.8 265.2,M 275 460 L 86.3 291.5 L 76.6 282.5 L 66.3 270.1 L 60.3 256.8 L 59.5 248.1 L 61.2 235 L 64.2 222.2 L 68.8 209.8 L 75.1 198.2 L 83 187.7 L 91.9 177.8 L 101.4 168.5 L 110.8 159.2 L 119.9 149.8 L 129.3 140.3 L 138.7 131.1 L 148.3 122 L 158.3 113.3 L 168.7 105.2 L 179.7 97.9 L 191.3 91.5 L 203.4 86.3 L 216 82.2 L 228.8 79 L 241.9 77.1 L 255.1 76.1 L 268.3 76 L 281.5 77.1 L 294.5 79.2 L 307.3 82.4 L 319.8 86.8 L 331.6 92.3 L 342.8 99.1 L 353.3 106.9 L 363.5 115.6 L 373.3 124.8 L 382.7 134.4 L 392 144.1 L 401 153.7 L 410 163.1 L 419.3 172.4 L 428.6 181.7 L 438 191.1 L 447.3 200.4 L 456.6 209.8 L 465.9 219.2 L 474.9 229 L 482.2 240 L 487 252.2 L 488.8 265.2 Z,86.3,291.5,488.8,265.2,"[{""angle"":-48.24,""dist"":281.1,""x_ft"":-209.7,""y_ft"":187.2},{""angle"":-48.18,""dist"":295.7,""x_ft"":-220.4,""y_ft"":197.2},{""angle"":-47.7,""dist"":313.5,""x_ft"":-231.9,""y_ft"":211},{""angle"":-46.58,""dist"":328.5,""x_ft"":-238.6,""y_ft"":225.8},{""angle"":-45.48,""dist"":335.7,""x_ft"":-239.4,""y_ft"":235.4},{""angle"":-43.54,""dist"":344.9,""x_ft"":-237.6,""y_ft"":250},{""angle"":-41.56,""dist"":353.1,""x_ft"":-234.2,""y_ft"":264.2},{""angle"":-39.49,""dist"":360.2,""x_ft"":-229.1,""y_ft"":278},{""angle"":-37.36,""dist"":366,""x_ft"":-222.1,""y_ft"":290.9},{""angle"":-35.18,""dist"":370.2,""x_ft"":-213.3,""y_ft"":302.6},{""angle"":-32.98,""dist"":373.7,""x_ft"":-203.4,""y_ft"":313.5},{""angle"":-30.78,""dist"":377,""x_ft"":-192.9,""y_ft"":323.9},{""angle"":-28.64,""dist"":380.8,""x_ft"":-182.5,""y_ft"":334.2},{""angle"":-26.56,""dist"":385.4,""x_ft"":-172.3,""y_ft"":344.7},{""angle"":-24.5,""dist"":390.4,""x_ft"":-161.9,""y_ft"":355.2},{""angle"":-22.51,""dist"":395.7,""x_ft"":-151.5,""y_ft"":365.5},{""angle"":-20.55,""dist"":401.1,""x_ft"":-140.8,""y_ft"":375.6},{""angle"":-18.61,""dist"":406.4,""x_ft"":-129.7,""y_ft"":385.2},{""angle"":-16.68,""dist"":411.5,""x_ft"":-118.1,""y_ft"":394.2},{""angle"":-14.75,""dist"":416,""x_ft"":-105.9,""y_ft"":402.3},{""angle"":-12.8,""dist"":419.8,""x_ft"":-93,""y_ft"":409.4},{""angle"":-10.84,""dist"":422.7,""x_ft"":-79.5,""y_ft"":415.2},{""angle"":-8.88,""dist"":424.9,""x_ft"":-65.6,""y_ft"":419.8},{""angle"":-6.91,""dist"":426.4,""x_ft"":-51.3,""y_ft"":423.3},{""angle"":-4.94,""dist"":427.1,""x_ft"":-36.8,""y_ft"":425.5},{""angle"":-2.97,""dist"":427.2,""x_ft"":-22.1,""y_ft"":426.6},{""angle"":-0.99,""dist"":426.8,""x_ft"":-7.4,""y_ft"":426.7},{""angle"":0.97,""dist"":425.6,""x_ft"":7.2,""y_ft"":425.5},{""angle"":2.94,""dist"":423.7,""x_ft"":21.7,""y_ft"":423.1},{""angle"":4.89,""dist"":421,""x_ft"":35.9,""y_ft"":419.5},{""angle"":6.85,""dist"":417.7,""x_ft"":49.8,""y_ft"":414.7},{""angle"":8.75,""dist"":413.3,""x_ft"":62.9,""y_ft"":408.5},{""angle"":10.64,""dist"":408,""x_ft"":75.3,""y_ft"":401},{""angle"":12.5,""dist"":401.8,""x_ft"":87,""y_ft"":392.3},{""angle"":14.41,""dist"":395.1,""x_ft"":98.3,""y_ft"":382.7},{""angle"":16.34,""dist"":388.1,""x_ft"":109.2,""y_ft"":372.4},{""angle"":18.31,""dist"":381.1,""x_ft"":119.7,""y_ft"":361.8},{""angle"":20.32,""dist"":374.3,""x_ft"":130,""y_ft"":351},{""angle"":22.36,""dist"":368,""x_ft"":140,""y_ft"":340.3},{""angle"":24.45,""dist"":362.4,""x_ft"":150,""y_ft"":329.9},{""angle"":26.64,""dist"":357.5,""x_ft"":160.3,""y_ft"":319.6},{""angle"":28.9,""dist"":353.2,""x_ft"":170.7,""y_ft"":309.2},{""angle"":31.22,""dist"":349.4,""x_ft"":181.1,""y_ft"":298.8},{""angle"":33.57,""dist"":346.1,""x_ft"":191.4,""y_ft"":288.4},{""angle"":35.98,""dist"":343.5,""x_ft"":201.8,""y_ft"":278},{""angle"":38.41,""dist"":341.4,""x_ft"":212.1,""y_ft"":267.5},{""angle"":40.87,""dist"":339.4,""x_ft"":222.1,""y_ft"":256.7},{""angle"":43.29,""dist"":335.7,""x_ft"":230.2,""y_ft"":244.4},{""angle"":45.58,""dist"":329.9,""x_ft"":235.6,""y_ft"":230.9},{""angle"":47.66,""dist"":321.3,""x_ft"":237.5,""y_ft"":216.4}]",Yankee Stadium,Bronx,NY
Philadelphia Phillies,phillies,M 62 270.9 L 58.5 256.4 L 58.9 246 L 66.5 235.9 L 75.6 226.8 L 84.6 217.7 L 93.7 208.7 L 102.7 199.7 L 111.7 190.6 L 120.7 181.5 L 129.9 172.6 L 139 163.6 L 148 154.5 L 157 145.4 L 166.1 136.4 L 175.1 127.4 L 184.8 119.2 L 197.3 117.8 L 208.9 114.7 L 217.9 105.7 L 227 96.6 L 236.8 88.9 L 249.4 89.6 L 262.2 91 L 274.9 92.6 L 287.6 94.1 L 300.3 95.6 L 313 97.1 L 325.7 98.6 L 338.4 100.2 L 349.1 106.8 L 358.1 115.8 L 367.2 124.8 L 376.2 133.9 L 385.2 142.9 L 394.2 152 L 403.2 161.1 L 412.3 170.2 L 421.3 179.2 L 430.4 188.3 L 439.3 197.4 L 448.4 206.4 L 457.4 215.5 L 466.4 224.7 L 475.3 233.8 L 484.3 242.9 L 493.3 252 L 495.6 261.9 L 486.6 271 L 477.5 280 L 468.4 289.1,M 275 460 L 62 270.9 L 58.5 256.4 L 58.9 246 L 66.5 235.9 L 75.6 226.8 L 84.6 217.7 L 93.7 208.7 L 102.7 199.7 L 111.7 190.6 L 120.7 181.5 L 129.9 172.6 L 139 163.6 L 148 154.5 L 157 145.4 L 166.1 136.4 L 175.1 127.4 L 184.8 119.2 L 197.3 117.8 L 208.9 114.7 L 217.9 105.7 L 227 96.6 L 236.8 88.9 L 249.4 89.6 L 262.2 91 L 274.9 92.6 L 287.6 94.1 L 300.3 95.6 L 313 97.1 L 325.7 98.6 L 338.4 100.2 L 349.1 106.8 L 358.1 115.8 L 367.2 124.8 L 376.2 133.9 L 385.2 142.9 L 394.2 152 L 403.2 161.1 L 412.3 170.2 L 421.3 179.2 L 430.4 188.3 L 439.3 197.4 L 448.4 206.4 L 457.4 215.5 L 466.4 224.7 L 475.3 233.8 L 484.3 242.9 L 493.3 252 L 495.6 261.9 L 486.6 271 L 477.5 280 L 468.4 289.1 Z,62,270.9,468.4,289.1,"[{""angle"":-48.41,""dist"":316.5,""x_ft"":-236.7,""y_ft"":210.1},{""angle"":-46.77,""dist"":330.2,""x_ft"":-240.6,""y_ft"":226.2},{""angle"":-45.28,""dist"":337.9,""x_ft"":-240.1,""y_ft"":237.8},{""angle"":-42.94,""dist"":340.1,""x_ft"":-231.7,""y_ft"":249},{""angle"":-40.54,""dist"":340.9,""x_ft"":-221.6,""y_ft"":259.1},{""angle"":-38.17,""dist"":342.4,""x_ft"":-211.6,""y_ft"":269.2},{""angle"":-35.82,""dist"":344.3,""x_ft"":-201.5,""y_ft"":279.2},{""angle"":-33.51,""dist"":346.9,""x_ft"":-191.5,""y_ft"":289.2},{""angle"":-31.22,""dist"":350,""x_ft"":-181.4,""y_ft"":299.3},{""angle"":-28.99,""dist"":353.7,""x_ft"":-171.4,""y_ft"":309.4},{""angle"":-26.79,""dist"":357.7,""x_ft"":-161.2,""y_ft"":319.3},{""angle"":-24.65,""dist"":362.3,""x_ft"":-151.1,""y_ft"":329.3},{""angle"":-22.57,""dist"":367.6,""x_ft"":-141.1,""y_ft"":339.4},{""angle"":-20.56,""dist"":373.3,""x_ft"":-131.1,""y_ft"":349.5},{""angle"":-18.6,""dist"":379.3,""x_ft"":-121,""y_ft"":359.5},{""angle"":-16.72,""dist"":385.9,""x_ft"":-111,""y_ft"":369.6},{""angle"":-14.82,""dist"":391.7,""x_ft"":-100.2,""y_ft"":378.7},{""angle"":-12.79,""dist"":389.9,""x_ft"":-86.3,""y_ft"":380.2},{""angle"":-10.83,""dist"":390.7,""x_ft"":-73.4,""y_ft"":383.7},{""angle"":-9.15,""dist"":398.8,""x_ft"":-63.4,""y_ft"":393.7},{""angle"":-7.52,""dist"":407.3,""x_ft"":-53.3,""y_ft"":403.8},{""angle"":-5.89,""dist"":414.5,""x_ft"":-42.5,""y_ft"":412.3},{""angle"":-3.95,""dist"":412.6,""x_ft"":-28.4,""y_ft"":411.6},{""angle"":-1.98,""dist"":410.2,""x_ft"":-14.2,""y_ft"":410},{""angle"":-0.01,""dist"":408.2,""x_ft"":-0.1,""y_ft"":408.2},{""angle"":1.97,""dist"":406.8,""x_ft"":14,""y_ft"":406.6},{""angle"":3.97,""dist"":405.9,""x_ft"":28.1,""y_ft"":404.9},{""angle"":5.97,""dist"":405.4,""x_ft"":42.2,""y_ft"":403.2},{""angle"":7.98,""dist"":405.5,""x_ft"":56.3,""y_ft"":401.6},{""angle"":10,""dist"":406,""x_ft"":70.5,""y_ft"":399.8},{""angle"":11.84,""dist"":401,""x_ft"":82.3,""y_ft"":392.5},{""angle"":13.57,""dist"":393.4,""x_ft"":92.3,""y_ft"":382.4},{""angle"":15.37,""dist"":386.2,""x_ft"":102.4,""y_ft"":372.4},{""angle"":17.24,""dist"":379.3,""x_ft"":112.4,""y_ft"":362.3},{""angle"":19.17,""dist"":373,""x_ft"":122.5,""y_ft"":352.3},{""angle"":21.17,""dist"":367,""x_ft"":132.5,""y_ft"":342.2},{""angle"":23.22,""dist"":361.4,""x_ft"":142.5,""y_ft"":332.1},{""angle"":25.36,""dist"":356.3,""x_ft"":152.6,""y_ft"":322},{""angle"":27.53,""dist"":351.8,""x_ft"":162.6,""y_ft"":312},{""angle"":29.77,""dist"":347.8,""x_ft"":172.7,""y_ft"":301.9},{""angle"":32.04,""dist"":344.2,""x_ft"":182.6,""y_ft"":291.8},{""angle"":34.37,""dist"":341.4,""x_ft"":192.7,""y_ft"":281.8},{""angle"":36.72,""dist"":339,""x_ft"":202.7,""y_ft"":271.7},{""angle"":39.12,""dist"":337.1,""x_ft"":212.7,""y_ft"":261.5},{""angle"":41.53,""dist"":335.7,""x_ft"":222.6,""y_ft"":251.3},{""angle"":43.96,""dist"":335.1,""x_ft"":232.6,""y_ft"":241.2},{""angle"":46.39,""dist"":335.1,""x_ft"":242.6,""y_ft"":231.1},{""angle"":48.08,""dist"":329.4,""x_ft"":245.1,""y_ft"":220.1},{""angle"":48.23,""dist"":315.2,""x_ft"":235.1,""y_ft"":210},{""angle"":48.37,""dist"":301,""x_ft"":225,""y_ft"":200},{""angle"":48.53,""dist"":286.8,""x_ft"":214.9,""y_ft"":189.9}]",Citizens Bank Park,Philadelphia,PA
Pittsburgh Pirates,pirates,M 60.5 256.3 L 62.1 243.4 L 63.6 230.4 L 65 217.4 L 66.7 204.4 L 70.2 192.3 L 79.9 183.6 L 90 175.3 L 100 167 L 110.1 158.7 L 120.2 150.3 L 130.3 141.9 L 140.3 133.6 L 150.3 125.3 L 160.4 116.9 L 170.4 108.6 L 180.5 106.4 L 191.6 112.8 L 204.3 111.1 L 217.2 108.8 L 230.1 106.5 L 243 104.3 L 255.8 102.1 L 268.7 99.7 L 281.7 99.3 L 294.4 102 L 307.2 104.6 L 320 107.3 L 332.8 109.9 L 345.3 113.5 L 357 119.3 L 368.6 125.5 L 380.3 131.2 L 392 137.1 L 403.7 142.9 L 414 150.7 L 421.3 161.5 L 428.7 172.2 L 436.1 183 L 443.5 193.8 L 450.8 204.6 L 458.2 215.4 L 465.5 226.2 L 473 236.9 L 480.4 247.7 L 487.8 258.5 L 486 269.2 L 476.9 278.6 L 467.7 287.8,M 275 460 L 60.5 256.3 L 62.1 243.4 L 63.6 230.4 L 65 217.4 L 66.7 204.4 L 70.2 192.3 L 79.9 183.6 L 90 175.3 L 100 167 L 110.1 158.7 L 120.2 150.3 L 130.3 141.9 L 140.3 133.6 L 150.3 125.3 L 160.4 116.9 L 170.4 108.6 L 180.5 106.4 L 191.6 112.8 L 204.3 111.1 L 217.2 108.8 L 230.1 106.5 L 243 104.3 L 255.8 102.1 L 268.7 99.7 L 281.7 99.3 L 294.4 102 L 307.2 104.6 L 320 107.3 L 332.8 109.9 L 345.3 113.5 L 357 119.3 L 368.6 125.5 L 380.3 131.2 L 392 137.1 L 403.7 142.9 L 414 150.7 L 421.3 161.5 L 428.7 172.2 L 436.1 183 L 443.5 193.8 L 450.8 204.6 L 458.2 215.4 L 465.5 226.2 L 473 236.9 L 480.4 247.7 L 487.8 258.5 L 486 269.2 L 476.9 278.6 L 467.7 287.8 Z,60.5,256.3,467.7,287.8,"[{""angle"":-46.48,""dist"":328.6,""x_ft"":-238.3,""y_ft"":226.3},{""angle"":-44.51,""dist"":337.5,""x_ft"":-236.6,""y_ft"":240.7},{""angle"":-42.64,""dist"":346.8,""x_ft"":-234.9,""y_ft"":255.1},{""angle"":-40.88,""dist"":356.5,""x_ft"":-233.3,""y_ft"":269.5},{""angle"":-39.18,""dist"":366.4,""x_ft"":-231.5,""y_ft"":284},{""angle"":-37.43,""dist"":374.5,""x_ft"":-227.6,""y_ft"":297.4},{""angle"":-35.22,""dist"":375.9,""x_ft"":-216.8,""y_ft"":307.1},{""angle"":-33.02,""dist"":377.2,""x_ft"":-205.6,""y_ft"":316.3},{""angle"":-30.84,""dist"":379.2,""x_ft"":-194.4,""y_ft"":325.6},{""angle"":-28.69,""dist"":381.6,""x_ft"":-183.2,""y_ft"":334.8},{""angle"":-26.56,""dist"":384.7,""x_ft"":-172,""y_ft"":344.1},{""angle"":-24.47,""dist"":388.3,""x_ft"":-160.8,""y_ft"":353.4},{""angle"":-22.43,""dist"":392.4,""x_ft"":-149.7,""y_ft"":362.7},{""angle"":-20.43,""dist"":396.9,""x_ft"":-138.5,""y_ft"":371.9},{""angle"":-18.47,""dist"":401.9,""x_ft"":-127.3,""y_ft"":381.2},{""angle"":-16.57,""dist"":407.4,""x_ft"":-116.2,""y_ft"":390.5},{""angle"":-14.96,""dist"":406.7,""x_ft"":-105,""y_ft"":392.9},{""angle"":-13.51,""dist"":396.8,""x_ft"":-92.7,""y_ft"":385.8},{""angle"":-11.45,""dist"":395.6,""x_ft"":-78.5,""y_ft"":387.7},{""angle"":-9.34,""dist"":395.4,""x_ft"":-64.2,""y_ft"":390.2},{""angle"":-7.24,""dist"":396,""x_ft"":-49.9,""y_ft"":392.8},{""angle"":-5.15,""dist"":396.8,""x_ft"":-35.6,""y_ft"":395.2},{""angle"":-3.07,""dist"":398.3,""x_ft"":-21.3,""y_ft"":397.7},{""angle"":-1,""dist"":400.4,""x_ft"":-7,""y_ft"":400.3},{""angle"":1.06,""dist"":400.9,""x_ft"":7.4,""y_ft"":400.8},{""angle"":3.11,""dist"":398.4,""x_ft"":21.6,""y_ft"":397.8},{""angle"":5.18,""dist"":396.5,""x_ft"":35.8,""y_ft"":394.9},{""angle"":7.27,""dist"":395.1,""x_ft"":50,""y_ft"":391.9},{""angle"":9.37,""dist"":394.3,""x_ft"":64.2,""y_ft"":389},{""angle"":11.47,""dist"":392.8,""x_ft"":78.1,""y_ft"":385},{""angle"":13.53,""dist"":389.3,""x_ft"":91.1,""y_ft"":378.5},{""angle"":15.63,""dist"":386,""x_ft"":104,""y_ft"":371.7},{""angle"":17.76,""dist"":383.6,""x_ft"":117,""y_ft"":365.3},{""angle"":19.92,""dist"":381.6,""x_ft"":130,""y_ft"":358.8},{""angle"":22.09,""dist"":380.2,""x_ft"":143,""y_ft"":352.3},{""angle"":24.19,""dist"":376.8,""x_ft"":154.4,""y_ft"":343.7},{""angle"":26.11,""dist"":369.4,""x_ft"":162.6,""y_ft"":331.7},{""angle"":28.11,""dist"":362.6,""x_ft"":170.8,""y_ft"":319.8},{""angle"":30.18,""dist"":356.1,""x_ft"":179,""y_ft"":307.8},{""angle"":32.33,""dist"":350.1,""x_ft"":187.2,""y_ft"":295.8},{""angle"":34.53,""dist"":344.5,""x_ft"":195.3,""y_ft"":283.8},{""angle"":36.84,""dist"":339.6,""x_ft"":203.6,""y_ft"":271.8},{""angle"":39.18,""dist"":335.1,""x_ft"":211.7,""y_ft"":259.8},{""angle"":41.59,""dist"":331.4,""x_ft"":220,""y_ft"":247.9},{""angle"":44.05,""dist"":328.2,""x_ft"":228.2,""y_ft"":235.9},{""angle"":46.56,""dist"":325.6,""x_ft"":236.4,""y_ft"":223.9},{""angle"":47.88,""dist"":316.1,""x_ft"":234.5,""y_ft"":212},{""angle"":48.05,""dist"":301.6,""x_ft"":224.3,""y_ft"":201.6},{""angle"":48.22,""dist"":287.1,""x_ft"":214.1,""y_ft"":191.3}]",PNC Park,Pittsburgh,PA
San Diego Padres,padres,M 46.8 257.3 L 55.2 247.4 L 62.4 236.5 L 71.3 226.9 L 80.6 217.7 L 89.9 208.4 L 99 199.2 L 108.3 189.9 L 117.6 180.7 L 126.9 171.5 L 136.1 162.2 L 145.3 152.9 L 154.6 143.7 L 163.8 134.5 L 174 126.4 L 185.4 120 L 196.8 113.5 L 208.7 108.9 L 221.8 108.6 L 234.9 108.2 L 247.2 104.2 L 260 102.7 L 273 102.5 L 286.1 102.3 L 299.2 102.2 L 312.3 102 L 325.2 102.9 L 338.1 105.1 L 351 107.4 L 363.1 112.1 L 374.4 118.8 L 385.3 125.9 L 394.8 134.9 L 404.1 144.1 L 413.3 153.4 L 422.5 162.6 L 431.8 171.9 L 441 181.2 L 450.2 190.4 L 459.5 199.7 L 468.8 208.9 L 475.8 219.1 L 476.1 232.2 L 476.5 245.3 L 483.3 255.6 L 491.9 265.3,M 275 460 L 46.8 257.3 L 55.2 247.4 L 62.4 236.5 L 71.3 226.9 L 80.6 217.7 L 89.9 208.4 L 99 199.2 L 108.3 189.9 L 117.6 180.7 L 126.9 171.5 L 136.1 162.2 L 145.3 152.9 L 154.6 143.7 L 163.8 134.5 L 174 126.4 L 185.4 120 L 196.8 113.5 L 208.7 108.9 L 221.8 108.6 L 234.9 108.2 L 247.2 104.2 L 260 102.7 L 273 102.5 L 286.1 102.3 L 299.2 102.2 L 312.3 102 L 325.2 102.9 L 338.1 105.1 L 351 107.4 L 363.1 112.1 L 374.4 118.8 L 385.3 125.9 L 394.8 134.9 L 404.1 144.1 L 413.3 153.4 L 422.5 162.6 L 431.8 171.9 L 441 181.2 L 450.2 190.4 L 459.5 199.7 L 468.8 208.9 L 475.8 219.1 L 476.1 232.2 L 476.5 245.3 L 483.3 255.6 L 491.9 265.3 Z,46.8,257.3,491.9,265.3,"[{""angle"":-48.39,""dist"":339.2,""x_ft"":-253.6,""y_ft"":225.2},{""angle"":-45.95,""dist"":339.7,""x_ft"":-244.2,""y_ft"":236.2},{""angle"":-43.57,""dist"":342.7,""x_ft"":-236.2,""y_ft"":248.3},{""angle"":-41.15,""dist"":343.9,""x_ft"":-226.3,""y_ft"":259},{""angle"":-38.74,""dist"":345.1,""x_ft"":-216,""y_ft"":269.2},{""angle"":-36.35,""dist"":347,""x_ft"":-205.7,""y_ft"":279.5},{""angle"":-34,""dist"":349.6,""x_ft"":-195.5,""y_ft"":289.8},{""angle"":-31.68,""dist"":352.6,""x_ft"":-185.2,""y_ft"":300.1},{""angle"":-29.41,""dist"":356.2,""x_ft"":-174.9,""y_ft"":310.3},{""angle"":-27.18,""dist"":360.4,""x_ft"":-164.6,""y_ft"":320.6},{""angle"":-25,""dist"":365.1,""x_ft"":-154.3,""y_ft"":330.9},{""angle"":-22.9,""dist"":370.4,""x_ft"":-144.1,""y_ft"":341.2},{""angle"":-20.84,""dist"":376,""x_ft"":-133.8,""y_ft"":351.4},{""angle"":-18.85,""dist"":382.2,""x_ft"":-123.5,""y_ft"":361.7},{""angle"":-16.84,""dist"":387.3,""x_ft"":-112.2,""y_ft"":370.7},{""angle"":-14.75,""dist"":390.7,""x_ft"":-99.5,""y_ft"":377.8},{""angle"":-12.72,""dist"":394.7,""x_ft"":-86.9,""y_ft"":385},{""angle"":-10.7,""dist"":397,""x_ft"":-73.7,""y_ft"":390.1},{""angle"":-8.61,""dist"":394.9,""x_ft"":-59.1,""y_ft"":390.5},{""angle"":-6.51,""dist"":393.4,""x_ft"":-44.6,""y_ft"":390.9},{""angle"":-4.47,""dist"":396.5,""x_ft"":-30.9,""y_ft"":395.3},{""angle"":-2.41,""dist"":397.4,""x_ft"":-16.7,""y_ft"":397},{""angle"":-0.32,""dist"":397.2,""x_ft"":-2.2,""y_ft"":397.2},{""angle"":1.77,""dist"":397.6,""x_ft"":12.3,""y_ft"":397.4},{""angle"":3.87,""dist"":398.5,""x_ft"":26.9,""y_ft"":397.6},{""angle"":5.94,""dist"":399.9,""x_ft"":41.4,""y_ft"":397.8},{""angle"":8,""dist"":400.7,""x_ft"":55.8,""y_ft"":396.8},{""angle"":10.08,""dist"":400.5,""x_ft"":70.1,""y_ft"":394.3},{""angle"":12.17,""dist"":400.8,""x_ft"":84.5,""y_ft"":391.8},{""angle"":14.21,""dist"":398.7,""x_ft"":97.9,""y_ft"":386.5},{""angle"":16.24,""dist"":394.8,""x_ft"":110.4,""y_ft"":379.1},{""angle"":18.28,""dist"":390.9,""x_ft"":122.6,""y_ft"":371.2},{""angle"":20.23,""dist"":384.9,""x_ft"":133.1,""y_ft"":361.2},{""angle"":22.22,""dist"":379.2,""x_ft"":143.4,""y_ft"":351},{""angle"":24.28,""dist"":373.8,""x_ft"":153.7,""y_ft"":340.7},{""angle"":26.38,""dist"":368.8,""x_ft"":163.9,""y_ft"":330.4},{""angle"":28.56,""dist"":364.4,""x_ft"":174.2,""y_ft"":320.1},{""angle"":30.78,""dist"":360.6,""x_ft"":184.5,""y_ft"":309.8},{""angle"":33.03,""dist"":357.2,""x_ft"":194.7,""y_ft"":299.5},{""angle"":35.33,""dist"":354.5,""x_ft"":205,""y_ft"":289.2},{""angle"":37.66,""dist"":352.4,""x_ft"":215.3,""y_ft"":279},{""angle"":39.81,""dist"":348.5,""x_ft"":223.1,""y_ft"":267.7},{""angle"":41.45,""dist"":337.7,""x_ft"":223.5,""y_ft"":253.1},{""angle"":43.18,""dist"":327.2,""x_ft"":223.9,""y_ft"":238.6},{""angle"":45.54,""dist"":324.2,""x_ft"":231.4,""y_ft"":227.1},{""angle"":48.09,""dist"":323.8,""x_ft"":241,""y_ft"":216.3}]",Petco Park,San Diego,CA
San Francisco Giants,giants,M 81.7 291.7 L 72.2 282.3 L 62.8 273 L 53.3 263.6 L 45.1 254.2 L 51.8 242.7 L 56.3 230.2 L 64.5 220 L 74.6 211.3 L 84.7 202.8 L 95 194.2 L 105.2 185.7 L 115.3 177 L 125.4 168.4 L 135.7 159.9 L 145.8 151.3 L 156 142.8 L 166.2 134.2 L 176.4 125.6 L 186.5 117 L 196.7 108.4 L 206.7 99.6 L 219.2 97.6 L 232.5 97.6 L 245.8 97.6 L 259.2 97.6 L 272.5 97.6 L 285.8 97.6 L 299.1 97.6 L 312.4 97.6 L 325.8 97.6 L 339.1 97.6 L 352.4 97.6 L 365.6 97.6 L 379 97.6 L 392.3 97.6 L 404.1 99.8 L 408.8 112.2 L 413.6 124.7 L 418.5 137.1 L 423.2 149.5 L 428.2 161.8 L 438 169.6 L 446.1 179.5 L 450.8 191.9 L 455.5 204.4 L 460.2 216.8 L 464.9 229.2 L 469.7 241.7 L 474.4 254.2 L 479.1 266.6,M 275 460 L 81.7 291.7 L 72.2 282.3 L 62.8 273 L 53.3 263.6 L 45.1 254.2 L 51.8 242.7 L 56.3 230.2 L 64.5 220 L 74.6 211.3 L 84.7 202.8 L 95 194.2 L 105.2 185.7 L 115.3 177 L 125.4 168.4 L 135.7 159.9 L 145.8 151.3 L 156 142.8 L 166.2 134.2 L 176.4 125.6 L 186.5 117 L 196.7 108.4 L 206.7 99.6 L 219.2 97.6 L 232.5 97.6 L 245.8 97.6 L 259.2 97.6 L 272.5 97.6 L 285.8 97.6 L 299.1 97.6 L 312.4 97.6 L 325.8 97.6 L 339.1 97.6 L 352.4 97.6 L 365.6 97.6 L 379 97.6 L 392.3 97.6 L 404.1 99.8 L 408.8 112.2 L 413.6 124.7 L 418.5 137.1 L 423.2 149.5 L 428.2 161.8 L 438 169.6 L 446.1 179.5 L 450.8 191.9 L 455.5 204.4 L 460.2 216.8 L 464.9 229.2 L 469.7 241.7 L 474.4 254.2 L 479.1 266.6 Z,81.7,291.7,479.1,266.6,"[{""angle"":-48.96,""dist"":284.8,""x_ft"":-214.8,""y_ft"":187},{""angle"":-48.78,""dist"":299.5,""x_ft"":-225.3,""y_ft"":197.4},{""angle"":-48.61,""dist"":314.3,""x_ft"":-235.8,""y_ft"":207.8},{""angle"":-48.46,""dist"":329.1,""x_ft"":-246.3,""y_ft"":218.2},{""angle"":-48.16,""dist"":342.8,""x_ft"":-255.4,""y_ft"":228.7},{""angle"":-45.77,""dist"":346.1,""x_ft"":-248,""y_ft"":241.4},{""angle"":-43.59,""dist"":352.5,""x_ft"":-243,""y_ft"":255.3},{""angle"":-41.25,""dist"":354.7,""x_ft"":-233.9,""y_ft"":266.7},{""angle"":-38.87,""dist"":354.9,""x_ft"":-222.7,""y_ft"":276.3},{""angle"":-36.49,""dist"":355.5,""x_ft"":-211.4,""y_ft"":285.8},{""angle"":-34.11,""dist"":356.7,""x_ft"":-200,""y_ft"":295.3},{""angle"":-31.76,""dist"":358.5,""x_ft"":-188.7,""y_ft"":304.8},{""angle"":-29.43,""dist"":361,""x_ft"":-177.4,""y_ft"":314.4},{""angle"":-27.16,""dist"":364.1,""x_ft"":-166.2,""y_ft"":324},{""angle"":-24.91,""dist"":367.6,""x_ft"":-154.8,""y_ft"":333.4},{""angle"":-22.7,""dist"":371.8,""x_ft"":-143.5,""y_ft"":343},{""angle"":-20.56,""dist"":376.5,""x_ft"":-132.2,""y_ft"":352.5},{""angle"":-18.47,""dist"":381.7,""x_ft"":-120.9,""y_ft"":362},{""angle"":-16.43,""dist"":387.4,""x_ft"":-109.6,""y_ft"":371.6},{""angle"":-14.46,""dist"":393.6,""x_ft"":-98.3,""y_ft"":381.1},{""angle"":-12.55,""dist"":400.3,""x_ft"":-87,""y_ft"":390.7},{""angle"":-10.73,""dist"":407.5,""x_ft"":-75.9,""y_ft"":400.4},{""angle"":-8.75,""dist"":407.4,""x_ft"":-62,""y_ft"":402.7},{""angle"":-6.69,""dist"":405.5,""x_ft"":-47.2,""y_ft"":402.7},{""angle"":-4.6,""dist"":404,""x_ft"":-32.4,""y_ft"":402.7},{""angle"":-2.5,""dist"":403.1,""x_ft"":-17.6,""y_ft"":402.7},{""angle"":-0.4,""dist"":402.7,""x_ft"":-2.8,""y_ft"":402.7},{""angle"":1.71,""dist"":402.9,""x_ft"":12,""y_ft"":402.7},{""angle"":3.81,""dist"":403.6,""x_ft"":26.8,""y_ft"":402.7},{""angle"":5.9,""dist"":404.8,""x_ft"":41.6,""y_ft"":402.7},{""angle"":7.97,""dist"":406.6,""x_ft"":56.4,""y_ft"":402.7},{""angle"":10.03,""dist"":408.9,""x_ft"":71.2,""y_ft"":402.7},{""angle"":12.05,""dist"":411.8,""x_ft"":86,""y_ft"":402.7},{""angle"":14.04,""dist"":415.1,""x_ft"":100.7,""y_ft"":402.7},{""angle"":16,""dist"":418.9,""x_ft"":115.5,""y_ft"":402.7},{""angle"":17.93,""dist"":423.3,""x_ft"":130.3,""y_ft"":402.7},{""angle"":19.71,""dist"":425.1,""x_ft"":143.4,""y_ft"":400.2},{""angle"":21.05,""dist"":414,""x_ft"":148.7,""y_ft"":386.4},{""angle"":22.46,""dist"":403.2,""x_ft"":154,""y_ft"":372.6},{""angle"":23.95,""dist"":392.6,""x_ft"":159.4,""y_ft"":358.8},{""angle"":25.52,""dist"":382.3,""x_ft"":164.7,""y_ft"":345},{""angle"":27.19,""dist"":372.5,""x_ft"":170.2,""y_ft"":331.3},{""angle"":29.3,""dist"":370,""x_ft"":181.1,""y_ft"":322.7},{""angle"":31.38,""dist"":365.1,""x_ft"":190.1,""y_ft"":311.7},{""angle"":33.25,""dist"":356.2,""x_ft"":195.3,""y_ft"":297.9},{""angle"":35.22,""dist"":347.6,""x_ft"":200.5,""y_ft"":284},{""angle"":37.3,""dist"":339.6,""x_ft"":205.8,""y_ft"":270.2},{""angle"":39.45,""dist"":332.1,""x_ft"":211,""y_ft"":256.4},{""angle"":41.72,""dist"":325,""x_ft"":216.3,""y_ft"":242.6},{""angle"":44.1,""dist"":318.4,""x_ft"":221.6,""y_ft"":228.7},{""angle"":46.54,""dist"":312.4,""x_ft"":226.8,""y_ft"":214.9}]",Oracle Park,San Francisco,CA
Seattle Mariners,mariners,M 78.2 286.5 L 68.8 277.6 L 59.4 268.7 L 56.1 257.1 L 56.1 244.2 L 64.4 234.4 L 73.1 224.8 L 81.9 215.2 L 90.7 205.7 L 99.4 196.1 L 108 186.4 L 116.8 176.9 L 125.6 167.3 L 134.3 157.7 L 143.1 148.1 L 153.6 140.7 L 164.6 133.8 L 175.5 126.6 L 186.8 120.6 L 198.9 115.8 L 211 111.3 L 223.2 106.6 L 235 101.6 L 247.2 96.8 L 259.4 92.7 L 271.9 95.1 L 284.3 99 L 296.6 102.9 L 309 106.7 L 321.4 110.5 L 333.8 114.4 L 346.2 118.2 L 358.5 122.1 L 370.9 125.9 L 383.4 129.8 L 394.2 135.8 L 402.4 145.9 L 410.6 155.9 L 418.8 166 L 426.9 176.1 L 435.2 186 L 443.3 196.2 L 451.6 206.2 L 459.7 216.3 L 467.8 226.4 L 476 236.5 L 484.2 246.5 L 488.8 256.5,M 275 460 L 78.2 286.5 L 68.8 277.6 L 59.4 268.7 L 56.1 257.1 L 56.1 244.2 L 64.4 234.4 L 73.1 224.8 L 81.9 215.2 L 90.7 205.7 L 99.4 196.1 L 108 186.4 L 116.8 176.9 L 125.6 167.3 L 134.3 157.7 L 143.1 148.1 L 153.6 140.7 L 164.6 133.8 L 175.5 126.6 L 186.8 120.6 L 198.9 115.8 L 211 111.3 L 223.2 106.6 L 235 101.6 L 247.2 96.8 L 259.4 92.7 L 271.9 95.1 L 284.3 99 L 296.6 102.9 L 309 106.7 L 321.4 110.5 L 333.8 114.4 L 346.2 118.2 L 358.5 122.1 L 370.9 125.9 L 383.4 129.8 L 394.2 135.8 L 402.4 145.9 L 410.6 155.9 L 418.8 166 L 426.9 176.1 L 435.2 186 L 443.3 196.2 L 451.6 206.2 L 459.7 216.3 L 467.8 226.4 L 476 236.5 L 484.2 246.5 L 488.8 256.5 Z,78.2,286.5,488.8,256.5,"[{""angle"":-48.6,""dist"":291.6,""x_ft"":-218.7,""y_ft"":192.8},{""angle"":-48.5,""dist"":305.9,""x_ft"":-229.1,""y_ft"":202.7},{""angle"":-48.42,""dist"":320.3,""x_ft"":-239.6,""y_ft"":212.6},{""angle"":-47.18,""dist"":331.6,""x_ft"":-243.2,""y_ft"":225.4},{""angle"":-45.4,""dist"":341.5,""x_ft"":-243.2,""y_ft"":239.8},{""angle"":-43.03,""dist"":342.9,""x_ft"":-234,""y_ft"":250.7},{""angle"":-40.64,""dist"":344.4,""x_ft"":-224.3,""y_ft"":261.3},{""angle"":-38.27,""dist"":346.5,""x_ft"":-214.6,""y_ft"":272},{""angle"":-35.93,""dist"":349,""x_ft"":-204.8,""y_ft"":282.6},{""angle"":-33.64,""dist"":352.2,""x_ft"":-195.1,""y_ft"":293.2},{""angle"":-31.39,""dist"":356.1,""x_ft"":-185.5,""y_ft"":304},{""angle"":-29.2,""dist"":360.4,""x_ft"":-175.8,""y_ft"":314.6},{""angle"":-27.04,""dist"":365.1,""x_ft"":-166,""y_ft"":325.2},{""angle"":-24.95,""dist"":370.5,""x_ft"":-156.3,""y_ft"":335.9},{""angle"":-22.93,""dist"":376.2,""x_ft"":-146.6,""y_ft"":346.5},{""angle"":-20.82,""dist"":379.6,""x_ft"":-134.9,""y_ft"":354.8},{""angle"":-18.7,""dist"":382.7,""x_ft"":-122.7,""y_ft"":362.5},{""angle"":-16.63,""dist"":386.6,""x_ft"":-110.6,""y_ft"":370.4},{""angle"":-14.57,""dist"":389.6,""x_ft"":-98,""y_ft"":377.1},{""angle"":-12.47,""dist"":391.6,""x_ft"":-84.6,""y_ft"":382.4},{""angle"":-10.4,""dist"":393.9,""x_ft"":-71.1,""y_ft"":387.4},{""angle"":-8.34,""dist"":396.9,""x_ft"":-57.6,""y_ft"":392.7},{""angle"":-6.36,""dist"":400.7,""x_ft"":-44.4,""y_ft"":398.2},{""angle"":-4.38,""dist"":404.7,""x_ft"":-30.9,""y_ft"":403.5},{""angle"":-2.43,""dist"":408.5,""x_ft"":-17.3,""y_ft"":408.1},{""angle"":-0.49,""dist"":405.4,""x_ft"":-3.5,""y_ft"":405.4},{""angle"":1.47,""dist"":401.2,""x_ft"":10.3,""y_ft"":401.1},{""angle"":3.46,""dist"":397.5,""x_ft"":24,""y_ft"":396.8},{""angle"":5.5,""dist"":394.4,""x_ft"":37.8,""y_ft"":392.6},{""angle"":7.56,""dist"":391.7,""x_ft"":51.5,""y_ft"":388.3},{""angle"":9.65,""dist"":389.5,""x_ft"":65.3,""y_ft"":384},{""angle"":11.76,""dist"":387.9,""x_ft"":79.1,""y_ft"":379.8},{""angle"":13.88,""dist"":386.8,""x_ft"":92.8,""y_ft"":375.5},{""angle"":16.02,""dist"":386.2,""x_ft"":106.6,""y_ft"":371.2},{""angle"":18.17,""dist"":386.1,""x_ft"":120.4,""y_ft"":366.9},{""angle"":20.18,""dist"":383.8,""x_ft"":132.4,""y_ft"":360.2},{""angle"":22.07,""dist"":376.6,""x_ft"":141.5,""y_ft"":349},{""angle"":24.04,""dist"":370,""x_ft"":150.7,""y_ft"":337.9},{""angle"":26.06,""dist"":363.7,""x_ft"":159.8,""y_ft"":326.7},{""angle"":28.15,""dist"":357.8,""x_ft"":168.8,""y_ft"":315.5},{""angle"":30.32,""dist"":352.6,""x_ft"":178,""y_ft"":304.4},{""angle"":32.54,""dist"":347.7,""x_ft"":187,""y_ft"":293.1},{""angle"":34.83,""dist"":343.5,""x_ft"":196.2,""y_ft"":282},{""angle"":37.15,""dist"":339.8,""x_ft"":205.2,""y_ft"":270.8},{""angle"":39.54,""dist"":336.5,""x_ft"":214.2,""y_ft"":259.5},{""angle"":41.97,""dist"":333.9,""x_ft"":223.3,""y_ft"":248.3},{""angle"":44.41,""dist"":332.1,""x_ft"":232.4,""y_ft"":237.2},{""angle"":46.42,""dist"":328,""x_ft"":237.6,""y_ft"":226.1}]",T-Mobile Park,Seattle,WA
St. Louis Cardinals,cardinals,M 54.7 248.2 L 52.8 235.4 L 59.4 224.8 L 68.7 215.7 L 77.9 206.4 L 87.2 197.2 L 96.4 187.9 L 105.6 178.7 L 114.9 169.3 L 124.1 160.1 L 133.4 150.8 L 142.7 141.7 L 152 132.5 L 162.3 124.8 L 174.7 120.7 L 187.2 116.7 L 199.7 112.8 L 212.1 108.7 L 224.5 104.8 L 237 100.7 L 249.7 98.2 L 262.8 98.2 L 275.9 98.2 L 289 98.2 L 302.1 98.2 L 314.8 100.8 L 327.1 104.9 L 339.5 109.3 L 351.9 113.4 L 364.3 117.6 L 376.7 121.9 L 389 126.1 L 399.8 133 L 409.1 142.2 L 418.5 151.5 L 427.6 160.8 L 436.8 170 L 446 179.4 L 455.3 188.6 L 464.5 197.8 L 473.7 207.1 L 483.1 216.3 L 491.8 225.9 L 495 238.4 L 497.8 251.2 L 490.4 260.7 L 481.1 270 L 471.9 279.2 L 462.6 288.5,M 275 460 L 54.7 248.2 L 52.8 235.4 L 59.4 224.8 L 68.7 215.7 L 77.9 206.4 L 87.2 197.2 L 96.4 187.9 L 105.6 178.7 L 114.9 169.3 L 124.1 160.1 L 133.4 150.8 L 142.7 141.7 L 152 132.5 L 162.3 124.8 L 174.7 120.7 L 187.2 116.7 L 199.7 112.8 L 212.1 108.7 L 224.5 104.8 L 237 100.7 L 249.7 98.2 L 262.8 98.2 L 275.9 98.2 L 289 98.2 L 302.1 98.2 L 314.8 100.8 L 327.1 104.9 L 339.5 109.3 L 351.9 113.4 L 364.3 117.6 L 376.7 121.9 L 389 126.1 L 399.8 133 L 409.1 142.2 L 418.5 151.5 L 427.6 160.8 L 436.8 170 L 446 179.4 L 455.3 188.6 L 464.5 197.8 L 473.7 207.1 L 483.1 216.3 L 491.8 225.9 L 495 238.4 L 497.8 251.2 L 490.4 260.7 L 481.1 270 L 471.9 279.2 L 462.6 288.5 Z,54.7,248.2,462.6,288.5,"[{""angle"":-46.13,""dist"":339.5,""x_ft"":-244.8,""y_ft"":235.3},{""angle"":-44.69,""dist"":351.1,""x_ft"":-246.9,""y_ft"":249.6},{""angle"":-42.52,""dist"":354.5,""x_ft"":-239.6,""y_ft"":261.3},{""angle"":-40.17,""dist"":355.3,""x_ft"":-229.2,""y_ft"":271.5},{""angle"":-37.85,""dist"":356.9,""x_ft"":-219,""y_ft"":281.8},{""angle"":-35.55,""dist"":358.9,""x_ft"":-208.7,""y_ft"":292},{""angle"":-33.28,""dist"":361.6,""x_ft"":-198.4,""y_ft"":302.3},{""angle"":-31.05,""dist"":364.9,""x_ft"":-188.2,""y_ft"":312.6},{""angle"":-28.84,""dist"":368.8,""x_ft"":-177.9,""y_ft"":323},{""angle"":-26.72,""dist"":373,""x_ft"":-167.7,""y_ft"":333.2},{""angle"":-24.6,""dist"":377.8,""x_ft"":-157.3,""y_ft"":343.5},{""angle"":-22.57,""dist"":383,""x_ft"":-147,""y_ft"":353.7},{""angle"":-20.59,""dist"":388.7,""x_ft"":-136.7,""y_ft"":363.9},{""angle"":-18.58,""dist"":392.9,""x_ft"":-125.2,""y_ft"":372.4},{""angle"":-16.46,""dist"":393.1,""x_ft"":-111.4,""y_ft"":377},{""angle"":-14.35,""dist"":393.7,""x_ft"":-97.6,""y_ft"":381.4},{""angle"":-12.24,""dist"":394.8,""x_ft"":-83.7,""y_ft"":385.8},{""angle"":-10.15,""dist"":396.5,""x_ft"":-69.9,""y_ft"":390.3},{""angle"":-8.09,""dist"":398.7,""x_ft"":-56.1,""y_ft"":394.7},{""angle"":-6.03,""dist"":401.4,""x_ft"":-42.2,""y_ft"":399.2},{""angle"":-4,""dist"":403,""x_ft"":-28.1,""y_ft"":402},{""angle"":-1.94,""dist"":402.2,""x_ft"":-13.6,""y_ft"":402},{""angle"":0.14,""dist"":402,""x_ft"":1,""y_ft"":402},{""angle"":2.21,""dist"":402.3,""x_ft"":15.5,""y_ft"":402},{""angle"":4.28,""dist"":403.1,""x_ft"":30.1,""y_ft"":402},{""angle"":6.32,""dist"":401.5,""x_ft"":44.2,""y_ft"":399.1},{""angle"":8.35,""dist"":398.7,""x_ft"":57.9,""y_ft"":394.5},{""angle"":10.43,""dist"":396.2,""x_ft"":71.7,""y_ft"":389.7},{""angle"":12.5,""dist"":394.5,""x_ft"":85.4,""y_ft"":385.1},{""angle"":14.62,""dist"":393.1,""x_ft"":99.2,""y_ft"":380.4},{""angle"":16.74,""dist"":392.3,""x_ft"":113,""y_ft"":375.7},{""angle"":18.86,""dist"":392,""x_ft"":126.7,""y_ft"":371},{""angle"":20.9,""dist"":388.9,""x_ft"":138.7,""y_ft"":363.3},{""angle"":22.88,""dist"":383.3,""x_ft"":149,""y_ft"":353.1},{""angle"":24.94,""dist"":378,""x_ft"":159.4,""y_ft"":342.8},{""angle"":27.03,""dist"":373.3,""x_ft"":169.6,""y_ft"":332.5},{""angle"":29.16,""dist"":369,""x_ft"":179.8,""y_ft"":322.2},{""angle"":31.36,""dist"":365.1,""x_ft"":190,""y_ft"":311.8},{""angle"":33.59,""dist"":362.1,""x_ft"":200.3,""y_ft"":301.6},{""angle"":35.87,""dist"":359.5,""x_ft"":210.6,""y_ft"":291.3},{""angle"":38.16,""dist"":357.4,""x_ft"":220.8,""y_ft"":281},{""angle"":40.49,""dist"":356.1,""x_ft"":231.2,""y_ft"":270.8},{""angle"":42.81,""dist"":354.5,""x_ft"":240.9,""y_ft"":260.1},{""angle"":44.8,""dist"":347,""x_ft"":244.5,""y_ft"":246.2},{""angle"":46.86,""dist"":339.3,""x_ft"":247.6,""y_ft"":232},{""angle"":47.23,""dist"":326,""x_ft"":239.3,""y_ft"":221.4},{""angle"":47.33,""dist"":311.5,""x_ft"":229,""y_ft"":211.1},{""angle"":47.44,""dist"":297,""x_ft"":218.8,""y_ft"":200.9},{""angle"":47.57,""dist"":282.5,""x_ft"":208.5,""y_ft"":190.6}]",Busch Stadium,St. Louis,MO
Tampa Bay Rays,rays,M 66.8 260.6 L 64.2 247.4 L 62.8 234.1 L 68.3 222.5 L 77.7 213 L 87.3 203.7 L 96.8 194.2 L 106.2 184.7 L 115.9 175.4 L 125.4 166 L 134.9 156.5 L 144.4 147.1 L 153.9 137.7 L 163.4 128.2 L 172.9 118.7 L 182.5 109.3 L 192.3 100.4 L 202.8 92.3 L 213.6 86.9 L 227 87.4 L 240.4 87.8 L 253.8 88.2 L 267.2 88.8 L 280.6 89.2 L 294 89.6 L 307.4 90.1 L 320.8 90.6 L 334 92 L 345.2 99.3 L 355.4 107.9 L 364.9 117.4 L 374.4 126.9 L 383.8 136.4 L 393.4 145.8 L 402.7 155.3 L 412.2 164.8 L 421.7 174.3 L 431.1 183.8 L 440.6 193.3 L 450 202.8 L 459.6 212.2 L 469 221.7 L 478.5 231.3 L 487.9 240.8 L 489.5 253.8 L 485.1 265.4 L 478.9 276.9 L 475.6 289.8,M 275 460 L 66.8 260.6 L 64.2 247.4 L 62.8 234.1 L 68.3 222.5 L 77.7 213 L 87.3 203.7 L 96.8 194.2 L 106.2 184.7 L 115.9 175.4 L 125.4 166 L 134.9 156.5 L 144.4 147.1 L 153.9 137.7 L 163.4 128.2 L 172.9 118.7 L 182.5 109.3 L 192.3 100.4 L 202.8 92.3 L 213.6 86.9 L 227 87.4 L 240.4 87.8 L 253.8 88.2 L 267.2 88.8 L 280.6 89.2 L 294 89.6 L 307.4 90.1 L 320.8 90.6 L 334 92 L 345.2 99.3 L 355.4 107.9 L 364.9 117.4 L 374.4 126.9 L 383.8 136.4 L 393.4 145.8 L 402.7 155.3 L 412.2 164.8 L 421.7 174.3 L 431.1 183.8 L 440.6 193.3 L 450 202.8 L 459.6 212.2 L 469 221.7 L 478.5 231.3 L 487.9 240.8 L 489.5 253.8 L 485.1 265.4 L 478.9 276.9 L 475.6 289.8 Z,66.8,260.6,475.6,289.8,"[{""angle"":-46.23,""dist"":320.3,""x_ft"":-231.3,""y_ft"":221.6},{""angle"":-44.76,""dist"":332.6,""x_ft"":-234.2,""y_ft"":236.2},{""angle"":-43.21,""dist"":344.4,""x_ft"":-235.8,""y_ft"":251},{""angle"":-41.04,""dist"":349.9,""x_ft"":-229.7,""y_ft"":263.9},{""angle"":-38.62,""dist"":351.2,""x_ft"":-219.2,""y_ft"":274.4},{""angle"":-36.22,""dist"":353,""x_ft"":-208.6,""y_ft"":284.8},{""angle"":-33.84,""dist"":355.5,""x_ft"":-198,""y_ft"":295.3},{""angle"":-31.51,""dist"":358.8,""x_ft"":-187.5,""y_ft"":305.9},{""angle"":-29.21,""dist"":362.3,""x_ft"":-176.8,""y_ft"":316.2},{""angle"":-26.96,""dist"":366.5,""x_ft"":-166.2,""y_ft"":326.7},{""angle"":-24.78,""dist"":371.4,""x_ft"":-155.7,""y_ft"":337.2},{""angle"":-22.65,""dist"":376.8,""x_ft"":-145.1,""y_ft"":347.7},{""angle"":-20.59,""dist"":382.5,""x_ft"":-134.5,""y_ft"":358.1},{""angle"":-18.59,""dist"":389,""x_ft"":-124,""y_ft"":368.7},{""angle"":-16.65,""dist"":395.8,""x_ft"":-113.4,""y_ft"":379.2},{""angle"":-14.78,""dist"":403,""x_ft"":-102.8,""y_ft"":389.7},{""angle"":-12.95,""dist"":410,""x_ft"":-91.9,""y_ft"":399.6},{""angle"":-11.1,""dist"":416.4,""x_ft"":-80.2,""y_ft"":408.6},{""angle"":-9.34,""dist"":420.1,""x_ft"":-68.2,""y_ft"":414.5},{""angle"":-7.34,""dist"":417.4,""x_ft"":-53.3,""y_ft"":414},{""angle"":-5.31,""dist"":415.3,""x_ft"":-38.4,""y_ft"":413.5},{""angle"":-3.26,""dist"":413.8,""x_ft"":-23.5,""y_ft"":413.1},{""angle"":-1.21,""dist"":412.6,""x_ft"":-8.7,""y_ft"":412.5},{""angle"":0.86,""dist"":412,""x_ft"":6.2,""y_ft"":412},{""angle"":2.94,""dist"":412,""x_ft"":21.1,""y_ft"":411.5},{""angle"":5.01,""dist"":412.6,""x_ft"":36,""y_ft"":411},{""angle"":7.07,""dist"":413.6,""x_ft"":50.9,""y_ft"":410.5},{""angle"":9.11,""dist"":414.1,""x_ft"":65.6,""y_ft"":408.9},{""angle"":11.01,""dist"":408.3,""x_ft"":78,""y_ft"":400.8},{""angle"":12.86,""dist"":401.3,""x_ft"":89.3,""y_ft"":391.2},{""angle"":14.7,""dist"":393.6,""x_ft"":99.9,""y_ft"":380.7},{""angle"":16.61,""dist"":386.2,""x_ft"":110.4,""y_ft"":370.1},{""angle"":18.58,""dist"":379.4,""x_ft"":120.9,""y_ft"":359.6},{""angle"":20.64,""dist"":373,""x_ft"":131.5,""y_ft"":349.1},{""angle"":22.74,""dist"":367,""x_ft"":141.9,""y_ft"":338.5},{""angle"":24.94,""dist"":361.7,""x_ft"":152.5,""y_ft"":328},{""angle"":27.18,""dist"":356.8,""x_ft"":163,""y_ft"":317.4},{""angle"":29.48,""dist"":352.5,""x_ft"":173.5,""y_ft"":306.9},{""angle"":31.84,""dist"":348.8,""x_ft"":184,""y_ft"":296.3},{""angle"":34.24,""dist"":345.7,""x_ft"":194.5,""y_ft"":285.8},{""angle"":36.69,""dist"":343.3,""x_ft"":205.1,""y_ft"":275.3},{""angle"":39.15,""dist"":341.5,""x_ft"":215.6,""y_ft"":264.8},{""angle"":41.66,""dist"":340.1,""x_ft"":226.1,""y_ft"":254.1},{""angle"":44.16,""dist"":339.6,""x_ft"":236.6,""y_ft"":243.6},{""angle"":46.13,""dist"":330.6,""x_ft"":238.3,""y_ft"":229.1},{""angle"":47.2,""dist"":318.2,""x_ft"":233.5,""y_ft"":216.2},{""angle"":48.06,""dist"":304.5,""x_ft"":226.5,""y_ft"":203.5},{""angle"":49.69,""dist"":292.3,""x_ft"":222.9,""y_ft"":189.1}]",Tropicana Field,St. Petersburg,FL
Texas Rangers,rangers,M 80.5 289.3 L 72.3 278.8 L 64.1 268.4 L 55.9 258 L 55.2 246 L 59.1 233.3 L 63 220.7 L 69.3 209.3 L 78.4 199.8 L 87.9 190.5 L 97.2 181.2 L 106.6 171.7 L 116 162.4 L 125.3 153 L 134.7 143.7 L 144.1 134.4 L 153.9 125.6 L 165.8 120 L 178 114.8 L 190.2 109.6 L 202.4 104.5 L 214.6 99.4 L 226.8 95.1 L 240.1 95 L 253.3 95 L 266.5 94.9 L 279.8 94.8 L 293 94.8 L 306.2 94.8 L 319.5 94.7 L 332.8 94.5 L 345.9 95.3 L 355.8 103.8 L 365.2 113.1 L 374.5 122.4 L 384 131.7 L 394.9 137.8 L 406.9 141.5 L 416.3 150.9 L 425.7 160.3 L 435 169.7 L 444.4 178.9 L 453.7 188.3 L 463.1 197.6 L 472.5 207 L 481.8 216.4 L 489.6 226.5 L 491.1 239.7 L 492.1 252.9,M 275 460 L 80.5 289.3 L 72.3 278.8 L 64.1 268.4 L 55.9 258 L 55.2 246 L 59.1 233.3 L 63 220.7 L 69.3 209.3 L 78.4 199.8 L 87.9 190.5 L 97.2 181.2 L 106.6 171.7 L 116 162.4 L 125.3 153 L 134.7 143.7 L 144.1 134.4 L 153.9 125.6 L 165.8 120 L 178 114.8 L 190.2 109.6 L 202.4 104.5 L 214.6 99.4 L 226.8 95.1 L 240.1 95 L 253.3 95 L 266.5 94.9 L 279.8 94.8 L 293 94.8 L 306.2 94.8 L 319.5 94.7 L 332.8 94.5 L 345.9 95.3 L 355.8 103.8 L 365.2 113.1 L 374.5 122.4 L 384 131.7 L 394.9 137.8 L 406.9 141.5 L 416.3 150.9 L 425.7 160.3 L 435 169.7 L 444.4 178.9 L 453.7 188.3 L 463.1 197.6 L 472.5 207 L 481.8 216.4 L 489.6 226.5 L 491.1 239.7 L 492.1 252.9 Z,80.5,289.3,492.1,252.9,"[{""angle"":-48.72,""dist"":287.6,""x_ft"":-216.1,""y_ft"":189.7},{""angle"":-48.21,""dist"":302.1,""x_ft"":-225.2,""y_ft"":201.3},{""angle"":-47.74,""dist"":316.6,""x_ft"":-234.3,""y_ft"":212.9},{""angle"":-47.33,""dist"":331.1,""x_ft"":-243.4,""y_ft"":224.4},{""angle"":-45.76,""dist"":340.9,""x_ft"":-244.2,""y_ft"":237.8},{""angle"":-43.6,""dist"":347.9,""x_ft"":-239.9,""y_ft"":251.9},{""angle"":-41.54,""dist"":355.3,""x_ft"":-235.6,""y_ft"":265.9},{""angle"":-39.38,""dist"":360.3,""x_ft"":-228.6,""y_ft"":278.5},{""angle"":-37.07,""dist"":362.3,""x_ft"":-218.4,""y_ft"":289.1},{""angle"":-34.78,""dist"":364.5,""x_ft"":-207.9,""y_ft"":299.4},{""angle"":-32.52,""dist"":367.4,""x_ft"":-197.5,""y_ft"":309.8},{""angle"":-30.29,""dist"":370.9,""x_ft"":-187.1,""y_ft"":320.3},{""angle"":-28.12,""dist"":374.9,""x_ft"":-176.7,""y_ft"":330.7},{""angle"":-25.99,""dist"":379.5,""x_ft"":-166.3,""y_ft"":341.1},{""angle"":-23.92,""dist"":384.4,""x_ft"":-155.9,""y_ft"":351.4},{""angle"":-21.89,""dist"":389.9,""x_ft"":-145.4,""y_ft"":361.8},{""angle"":-19.91,""dist"":395.2,""x_ft"":-134.6,""y_ft"":371.6},{""angle"":-17.8,""dist"":396.8,""x_ft"":-121.3,""y_ft"":377.8},{""angle"":-15.7,""dist"":398.4,""x_ft"":-107.8,""y_ft"":383.5},{""angle"":-13.6,""dist"":400.5,""x_ft"":-94.2,""y_ft"":389.3},{""angle"":-11.55,""dist"":403.2,""x_ft"":-80.7,""y_ft"":395},{""angle"":-9.51,""dist"":406.3,""x_ft"":-67.1,""y_ft"":400.7},{""angle"":-7.52,""dist"":409,""x_ft"":-53.5,""y_ft"":405.5},{""angle"":-5.46,""dist"":407.5,""x_ft"":-38.8,""y_ft"":405.6},{""angle"":-3.4,""dist"":406.3,""x_ft"":-24.1,""y_ft"":405.6},{""angle"":-1.33,""dist"":405.8,""x_ft"":-9.4,""y_ft"":405.7},{""angle"":0.75,""dist"":405.8,""x_ft"":5.3,""y_ft"":405.8},{""angle"":2.82,""dist"":406.3,""x_ft"":20,""y_ft"":405.8},{""angle"":4.89,""dist"":407.3,""x_ft"":34.7,""y_ft"":405.8},{""angle"":6.94,""dist"":408.9,""x_ft"":49.4,""y_ft"":405.9},{""angle"":8.98,""dist"":411.1,""x_ft"":64.2,""y_ft"":406.1},{""angle"":11.01,""dist"":412.8,""x_ft"":78.8,""y_ft"":405.2},{""angle"":12.78,""dist"":405.9,""x_ft"":89.8,""y_ft"":395.8},{""angle"":14.57,""dist"":398.3,""x_ft"":100.2,""y_ft"":385.5},{""angle"":16.43,""dist"":391.1,""x_ft"":110.6,""y_ft"":375.1},{""angle"":18.36,""dist"":384.4,""x_ft"":121.1,""y_ft"":364.8},{""angle"":20.41,""dist"":382,""x_ft"":133.2,""y_ft"":358},{""angle"":22.5,""dist"":383.1,""x_ft"":146.6,""y_ft"":353.9},{""angle"":24.57,""dist"":377.6,""x_ft"":157,""y_ft"":343.4},{""angle"":26.69,""dist"":372.7,""x_ft"":167.4,""y_ft"":333},{""angle"":28.86,""dist"":368.4,""x_ft"":177.8,""y_ft"":322.6},{""angle"":31.07,""dist"":364.6,""x_ft"":188.2,""y_ft"":312.3},{""angle"":33.34,""dist"":361.4,""x_ft"":198.6,""y_ft"":301.9},{""angle"":35.64,""dist"":358.7,""x_ft"":209,""y_ft"":291.5},{""angle"":37.97,""dist"":356.6,""x_ft"":219.4,""y_ft"":281.1},{""angle"":40.33,""dist"":355.1,""x_ft"":229.8,""y_ft"":270.7},{""angle"":42.6,""dist"":352.4,""x_ft"":238.5,""y_ft"":259.4},{""angle"":44.44,""dist"":342.9,""x_ft"":240.1,""y_ft"":244.8},{""angle"":46.35,""dist"":333.4,""x_ft"":241.2,""y_ft"":230.1}]",Globe Life Field,Arlington,TX
Toronto Blue Jays,blue_jays,M 57.1 252.1 L 65.2 240.6 L 73 229 L 81.1 217.4 L 89.2 205.9 L 97.2 194.4 L 105.3 182.8 L 113.3 171.3 L 121.3 159.7 L 130.1 148.9 L 141.5 140.6 L 153 132.5 L 164.4 124.3 L 175.9 116.2 L 187.4 108.1 L 199.9 102 L 213.7 99.5 L 227.7 97.4 L 241.6 95.9 L 255.7 95 L 269.7 94.6 L 283.8 94.6 L 297.9 95.2 L 311.8 96.4 L 325.9 98 L 339.7 100.2 L 353.4 103.2 L 365.3 110.7 L 376.8 118.8 L 388.2 126.9 L 399.7 135 L 411.3 143.1 L 422.1 151.9 L 430.3 163.4 L 438.4 174.9 L 446.4 186.5 L 454.4 198 L 462.5 209.5 L 470.5 221.1 L 478.5 232.7 L 486.6 244.2 L 492.7 256 L 485 265.9 L 478 279.5 L 475 291.4,M 275 460 L 57.1 252.1 L 65.2 240.6 L 73 229 L 81.1 217.4 L 89.2 205.9 L 97.2 194.4 L 105.3 182.8 L 113.3 171.3 L 121.3 159.7 L 130.1 148.9 L 141.5 140.6 L 153 132.5 L 164.4 124.3 L 175.9 116.2 L 187.4 108.1 L 199.9 102 L 213.7 99.5 L 227.7 97.4 L 241.6 95.9 L 255.7 95 L 269.7 94.6 L 283.8 94.6 L 297.9 95.2 L 311.8 96.4 L 325.9 98 L 339.7 100.2 L 353.4 103.2 L 365.3 110.7 L 376.8 118.8 L 388.2 126.9 L 399.7 135 L 411.3 143.1 L 422.1 151.9 L 430.3 163.4 L 438.4 174.9 L 446.4 186.5 L 454.4 198 L 462.5 209.5 L 470.5 221.1 L 478.5 232.7 L 486.6 244.2 L 492.7 256 L 485 265.9 L 478 279.5 L 475 291.4 Z,57.1,252.1,475,291.4,"[{""angle"":-46.34,""dist"":334.6,""x_ft"":-242.1,""y_ft"":231},{""angle"":-43.71,""dist"":337.3,""x_ft"":-233.1,""y_ft"":243.8},{""angle"":-41.16,""dist"":341,""x_ft"":-224.4,""y_ft"":256.7},{""angle"":-38.63,""dist"":345,""x_ft"":-215.4,""y_ft"":269.5},{""angle"":-36.17,""dist"":349.7,""x_ft"":-206.4,""y_ft"":282.3},{""angle"":-33.79,""dist"":355.1,""x_ft"":-197.5,""y_ft"":295.1},{""angle"":-31.48,""dist"":361.2,""x_ft"":-188.6,""y_ft"":308},{""angle"":-29.26,""dist"":367.7,""x_ft"":-179.7,""y_ft"":320.8},{""angle"":-27.11,""dist"":374.9,""x_ft"":-170.8,""y_ft"":333.7},{""angle"":-24.97,""dist"":381.4,""x_ft"":-161,""y_ft"":345.7},{""angle"":-22.68,""dist"":384.6,""x_ft"":-148.3,""y_ft"":354.9},{""angle"":-20.44,""dist"":388.3,""x_ft"":-135.6,""y_ft"":363.9},{""angle"":-18.24,""dist"":392.7,""x_ft"":-122.9,""y_ft"":373},{""angle"":-16.08,""dist"":397.6,""x_ft"":-110.1,""y_ft"":382},{""angle"":-13.97,""dist"":402.9,""x_ft"":-97.3,""y_ft"":391},{""angle"":-11.84,""dist"":406.4,""x_ft"":-83.4,""y_ft"":397.8},{""angle"":-9.65,""dist"":406.3,""x_ft"":-68.1,""y_ft"":400.6},{""angle"":-7.44,""dist"":406.3,""x_ft"":-52.6,""y_ft"":402.9},{""angle"":-5.24,""dist"":406.2,""x_ft"":-37.1,""y_ft"":404.5},{""angle"":-3.03,""dist"":406.2,""x_ft"":-21.5,""y_ft"":405.6},{""angle"":-0.83,""dist"":406,""x_ft"":-5.9,""y_ft"":406},{""angle"":1.38,""dist"":406.1,""x_ft"":9.8,""y_ft"":406},{""angle"":3.59,""dist"":406.1,""x_ft"":25.4,""y_ft"":405.3},{""angle"":5.78,""dist"":406.1,""x_ft"":40.9,""y_ft"":404},{""angle"":8,""dist"":406.1,""x_ft"":56.5,""y_ft"":402.2},{""angle"":10.2,""dist"":406.2,""x_ft"":71.9,""y_ft"":399.8},{""angle"":12.39,""dist"":405.9,""x_ft"":87.1,""y_ft"":396.4},{""angle"":14.49,""dist"":400.9,""x_ft"":100.3,""y_ft"":388.1},{""angle"":16.61,""dist"":395.6,""x_ft"":113.1,""y_ft"":379.1},{""angle"":18.77,""dist"":390.9,""x_ft"":125.8,""y_ft"":370.1},{""angle"":21,""dist"":386.8,""x_ft"":138.6,""y_ft"":361.1},{""angle"":23.27,""dist"":383.3,""x_ft"":151.4,""y_ft"":352.1},{""angle"":25.53,""dist"":379.3,""x_ft"":163.5,""y_ft"":342.3},{""angle"":27.64,""dist"":372.1,""x_ft"":172.6,""y_ft"":329.6},{""angle"":29.81,""dist"":365.1,""x_ft"":181.5,""y_ft"":316.8},{""angle"":32.07,""dist"":358.6,""x_ft"":190.4,""y_ft"":303.9},{""angle"":34.4,""dist"":352.8,""x_ft"":199.3,""y_ft"":291.1},{""angle"":36.81,""dist"":347.6,""x_ft"":208.3,""y_ft"":278.3},{""angle"":39.3,""dist"":342.9,""x_ft"":217.2,""y_ft"":265.4},{""angle"":41.83,""dist"":339,""x_ft"":226.1,""y_ft"":252.6},{""angle"":44.43,""dist"":335.8,""x_ft"":235.1,""y_ft"":239.8},{""angle"":46.86,""dist"":331.5,""x_ft"":241.9,""y_ft"":226.7},{""angle"":47.24,""dist"":317.7,""x_ft"":233.3,""y_ft"":215.7},{""angle"":48.34,""dist"":301.8,""x_ft"":225.5,""y_ft"":200.6},{""angle"":49.87,""dist"":290.6,""x_ft"":222.2,""y_ft"":187.3}]",Rogers Centre,Toronto,ON
Washington Nationals,nationals,M 78.3 282.5 L 68.9 273.3 L 59.4 264.2 L 50 255.2 L 54.7 244.9 L 61.6 233.7 L 68.5 222.5 L 75.5 211.4 L 82.4 200.2 L 89.4 189.1 L 97.1 178.5 L 106.5 169.7 L 117.4 162.6 L 128.9 156.3 L 140.4 149.9 L 151.9 143.6 L 163.4 137.2 L 174.9 130.9 L 186.6 124.9 L 198.4 126.4 L 209.9 120.1 L 221.4 113.8 L 232.9 107.4 L 244.4 101 L 255.9 94.7 L 268.2 92.4 L 280.2 97.7 L 292.2 103.1 L 304.2 108.4 L 316.1 113.9 L 328.1 119.3 L 340.2 124.6 L 352.1 130 L 364.1 135.4 L 376.1 140.7 L 388.1 145.9 L 400.1 151.4 L 412.1 156.8 L 424 162.2 L 436 167.7 L 448.1 172.9 L 458.3 180.6 L 464.6 192.2 L 470.9 203.7 L 477.1 215.3 L 483.4 226.8 L 489.6 238.3 L 496 249.9,M 275 460 L 78.3 282.5 L 68.9 273.3 L 59.4 264.2 L 50 255.2 L 54.7 244.9 L 61.6 233.7 L 68.5 222.5 L 75.5 211.4 L 82.4 200.2 L 89.4 189.1 L 97.1 178.5 L 106.5 169.7 L 117.4 162.6 L 128.9 156.3 L 140.4 149.9 L 151.9 143.6 L 163.4 137.2 L 174.9 130.9 L 186.6 124.9 L 198.4 126.4 L 209.9 120.1 L 221.4 113.8 L 232.9 107.4 L 244.4 101 L 255.9 94.7 L 268.2 92.4 L 280.2 97.7 L 292.2 103.1 L 304.2 108.4 L 316.1 113.9 L 328.1 119.3 L 340.2 124.6 L 352.1 130 L 364.1 135.4 L 376.1 140.7 L 388.1 145.9 L 400.1 151.4 L 412.1 156.8 L 424 162.2 L 436 167.7 L 448.1 172.9 L 458.3 180.6 L 464.6 192.2 L 470.9 203.7 L 477.1 215.3 L 483.4 226.8 L 489.6 238.3 L 496 249.9 Z,78.3,282.5,496,249.9,"[{""angle"":-47.93,""dist"":294.3,""x_ft"":-218.5,""y_ft"":197.2},{""angle"":-47.83,""dist"":309,""x_ft"":-229,""y_ft"":207.4},{""angle"":-47.76,""dist"":323.5,""x_ft"":-239.5,""y_ft"":217.5},{""angle"":-47.69,""dist"":338.1,""x_ft"":-250,""y_ft"":227.6},{""angle"":-45.69,""dist"":342.1,""x_ft"":-244.8,""y_ft"":239},{""angle"":-43.32,""dist"":345.6,""x_ft"":-237.1,""y_ft"":251.4},{""angle"":-41,""dist"":349.7,""x_ft"":-229.4,""y_ft"":263.9},{""angle"":-38.75,""dist"":354.2,""x_ft"":-221.7,""y_ft"":276.2},{""angle"":-36.55,""dist"":359.4,""x_ft"":-214,""y_ft"":288.7},{""angle"":-34.41,""dist"":364.9,""x_ft"":-206.2,""y_ft"":301},{""angle"":-32.29,""dist"":370,""x_ft"":-197.7,""y_ft"":312.8},{""angle"":-30.13,""dist"":373,""x_ft"":-187.2,""y_ft"":322.6},{""angle"":-27.92,""dist"":373.9,""x_ft"":-175.1,""y_ft"":330.4},{""angle"":-25.69,""dist"":374.4,""x_ft"":-162.3,""y_ft"":337.4},{""angle"":-23.47,""dist"":375.7,""x_ft"":-149.6,""y_ft"":344.6},{""angle"":-21.26,""dist"":377.3,""x_ft"":-136.8,""y_ft"":351.6},{""angle"":-19.07,""dist"":379.5,""x_ft"":-124,""y_ft"":358.7},{""angle"":-16.91,""dist"":382.2,""x_ft"":-111.2,""y_ft"":365.7},{""angle"":-14.78,""dist"":385,""x_ft"":-98.2,""y_ft"":372.3},{""angle"":-12.93,""dist"":380.3,""x_ft"":-85.1,""y_ft"":370.7},{""angle"":-10.84,""dist"":384.6,""x_ft"":-72.3,""y_ft"":377.7},{""angle"":-8.79,""dist"":389.3,""x_ft"":-59.5,""y_ft"":384.7},{""angle"":-6.81,""dist"":394.6,""x_ft"":-46.8,""y_ft"":391.8},{""angle"":-4.87,""dist"":400.3,""x_ft"":-34,""y_ft"":398.9},{""angle"":-2.99,""dist"":406.5,""x_ft"":-21.2,""y_ft"":405.9},{""angle"":-1.07,""dist"":408.5,""x_ft"":-7.6,""y_ft"":408.4},{""angle"":0.83,""dist"":402.6,""x_ft"":5.8,""y_ft"":402.6},{""angle"":2.76,""dist"":397.1,""x_ft"":19.1,""y_ft"":396.6},{""angle"":4.74,""dist"":392,""x_ft"":32.4,""y_ft"":390.7},{""angle"":6.78,""dist"":387.3,""x_ft"":45.7,""y_ft"":384.6},{""angle"":8.86,""dist"":383.2,""x_ft"":59,""y_ft"":378.6},{""angle"":10.99,""dist"":379.7,""x_ft"":72.4,""y_ft"":372.7},{""angle"":13.15,""dist"":376.6,""x_ft"":85.7,""y_ft"":366.7},{""angle"":15.35,""dist"":374,""x_ft"":99,""y_ft"":360.7},{""angle"":17.56,""dist"":372.1,""x_ft"":112.3,""y_ft"":354.8},{""angle"":19.81,""dist"":370.9,""x_ft"":125.7,""y_ft"":349},{""angle"":22.07,""dist"":370,""x_ft"":139,""y_ft"":342.9},{""angle"":24.33,""dist"":369.7,""x_ft"":152.3,""y_ft"":336.9},{""angle"":26.59,""dist"":370,""x_ft"":165.6,""y_ft"":330.9},{""angle"":28.85,""dist"":370.8,""x_ft"":178.9,""y_ft"":324.8},{""angle"":31.08,""dist"":372.5,""x_ft"":192.3,""y_ft"":319},{""angle"":33.27,""dist"":371.3,""x_ft"":203.7,""y_ft"":310.4},{""angle"":35.3,""dist"":364.6,""x_ft"":210.7,""y_ft"":297.6},{""angle"":37.39,""dist"":358.5,""x_ft"":217.7,""y_ft"":284.8},{""angle"":39.56,""dist"":352.7,""x_ft"":224.6,""y_ft"":271.9},{""angle"":41.79,""dist"":347.5,""x_ft"":231.6,""y_ft"":259.1},{""angle"":44.08,""dist"":342.8,""x_ft"":238.5,""y_ft"":246.3},{""angle"":46.45,""dist"":338.7,""x_ft"":245.5,""y_ft"":233.4}]",Nationals Park,Washington,DC
